Date:	Monday, March 30, 2026, 5:37 PM
Measurement type:	Photoluminescence
Temperature: 	9.805 K
Integration time:	1.500 s
Excitation power:	3.024738 nW
Center wavelength	1078.132 nm / 1.150 eV
Dispersion window:	304.943 nm / 0.332 eV
Entrance slit width:	0.501 mm
Exit slit width:	0.000 mm
 	
Energy 	Powerspectrum 
(eV)	(Counts/1.500s)
Excitation power	2.22mW
	
1.007751232	0.8418303813154954
1.007995217	-1.3189986869005221
1.008239321	-2.2900705192086224
1.008483543	4.0934815168362695
1.008727883	4.094287773776913
1.008972341	2.444526806172325
1.009216918	3.0228677682646663
1.009461614	3.8041748712846246
1.009706428	5.471458322288472
1.009951361	2.1448852735521
1.010196413	6.2487876187467455
1.010441584	-5.654430279564247
1.010686874	-14.670930547190101
1.010932283	0.4542838251457621
1.011177812	-1.4366597636325937
1.011423459	1.5736408710105445
1.011669226	3.447469328018116
1.011915113	-5.271043255911669
1.012161119	2.26277577952738
1.012407244	3.526259458847532
1.01265349	9.438819516948405
1.012899855	2.2459577555204877
1.01314634	4.211313506896173
1.013392945	-3.9882082900630005
1.01363967	-0.004803509378481528
1.013886515	-2.193568360402723
1.014133481	-6.722992543627506
1.014380567	0.3101009275469455
1.014627773	-2.980403367134413
1.0148751	0.44920475679685595
1.015122548	1.4586039494674055
1.015370116	-0.8562478482914875
1.015617805	1.1598971366685549
1.015865614	0.9442368951625887
1.016113545	6.270924582575353
1.016361597	5.2860683607244745
1.01660977	3.853740518435251
1.016858064	2.166143080535817
1.01710648	0.7234551383263185
1.017355017	-2.5330188408254624
1.017603675	1.4468199120220206
1.017852455	-0.5339154077709803
1.018101357	1.9265012076867951
1.01835038	1.6052879702058145
1.018599525	3.5693803907661166
1.018848793	-1.6248251825093802
1.019098182	-4.9279330718784875
1.019347693	3.0796551129131298
1.019597327	1.3614043753676617
1.019847083	1.9596776599545276
1.020096961	6.845685276097451
1.020346962	-3.628070435700561
1.020597085	0.5867289048787526
1.020847331	2.163697753685473
1.0210977	1.0465570027790458
1.021348191	-0.025327260140602804
1.021598806	-1.5500494054387406
1.021849543	0.3027597291248714
1.022100404	-1.077371887146092
1.022351387	2.1338442272183324
1.022602495	1.542157806557594
1.022853725	3.4876051927480747
1.023105079	1.3490642347577875
1.023356556	2.3780035927473655
1.023608158	5.6474746072042095
1.023859883	-0.6971027203656549
1.024111731	5.302662350784384
1.024363704	-0.177078540657629
1.024615801	-0.5089843238732461
1.024868022	1.5615467091848556
1.025120367	-1.8931847146993777
1.025372836	1.997477941988534
1.02562543	0.9277140061245394
1.025878148	2.8318011114464365
1.026130991	2.2708930340671536
1.026383958	2.0875768778220567
1.02663705	2.282643454035287
1.026890267	0.47980152892008104
1.027143609	5.518754925298422
1.027397076	-0.342274827382028
1.027650668	4.867895522537532
1.027904386	0.9186539966585169
1.028158228	-0.9544232370786151
1.028412196	2.6423278347123658
1.02866629	-1.4247791415025637
1.028920509	3.00517647638952
1.029174854	-0.6356812034473442
1.029429325	3.1778761712057237
1.029683921	0.02177813966371455
1.029938643	1.546448864146658
1.030193492	3.7769181889717314
1.030448467	1.8508249349318973
1.030703568	5.047948743687812
1.030958795	1.984481846539105
1.031214148	5.947267460920733
1.031469629	1.697540658916562
1.031725236	1.4134310806264516
1.031980969	0.8253776610476532
1.032236829	0.5679088592863796
1.032492817	2.9498233840834955
1.032748931	2.621515986622952
1.033005172	4.378601982613481
1.033261541	2.7580856985069517
1.033518037	1.6092671495274828
1.03377466	3.464691220462391
1.03403141	1.385320348428568
1.034288289	4.42370935696508
1.034545294	3.3228137868227186
1.034802428	2.935101350719909
1.03505969	2.9431095614313993
1.035317079	2.852533722205863
1.035574597	2.194985624116016
1.035832242	3.4254218673830854
1.036090016	3.5967366962052147
1.036347918	1.6745460158414767
1.036605949	4.85095085136603
1.036864108	2.864660053698979
1.037122396	3.60345971460358
1.037380812	3.606424376833678
1.037639357	1.9772287442286638
1.037898032	3.1462694768886363
1.038156835	2.2232054160627692
1.038415767	4.816832377909566
1.038674828	3.7923288899141894
1.038934019	5.514648664106663
1.039193339	3.1498323841885094
1.039452789	1.97057139412944
1.039712368	3.7340374649071846
1.039972077	3.4764502427135664
1.040231916	4.188662499016415
1.040491884	3.0068018801247134
1.040751983	4.2799129643324365
1.041012211	3.931826126490702
1.04127257	4.89982171563053
1.041533059	6.3220888645180295
1.041793679	3.417162289467143
1.042054428	5.022218840221167
1.042315309	3.4907893399877574
1.04257632	4.592030458210582
1.042837462	4.705981386694611
1.043098734	5.497233158306934
1.043360138	4.912336902353364
1.043621673	4.980672656693525
1.043883339	4.857521232292384
1.044145136	5.634553831946508
1.044407064	6.163982752948061
1.044669124	5.2286619898314495
1.044931315	5.537972229136398
1.045193638	6.28217146125419
1.045456093	4.541128392441005
1.04571868	6.411751642339086
1.045981398	6.021772963770776
1.046244249	5.336876418782424
1.046507232	5.9779350833402
1.046770347	6.38300254723514
1.047033594	5.975774326582933
1.047296974	6.5697143039808985
1.047560486	6.985394391780096
1.047824131	5.830175754727347
1.048087909	7.821129982881191
1.048351819	7.690581143361386
1.048615863	7.067220235954669
1.048880039	8.299225682820715
1.049144349	7.014299115002006
1.049408792	8.366195833489009
1.049673368	7.667112711752641
1.049938078	7.917768400267974
1.050202921	7.177458034556163
1.050467898	7.8168629108579175
1.050733008	9.02467421413787
1.050998253	9.102139391736328
1.051263631	9.49854653541043
1.051529144	8.490624872133145
1.05179479	9.184335490590513
1.052060571	8.334369272652669
1.052326486	8.845388406453626
1.052592536	9.519742089025538
1.05285872	9.489637426175353
1.053125039	10.893811711746306
1.053391493	10.234393942595064
1.053658081	10.864418511382947
1.053924805	10.967463426647658
1.054191663	10.007547921735203
1.054458657	11.14273016685097
1.054725786	10.43369106094531
1.05499305	9.927639252074618
1.05526045	11.418518877185681
1.055527986	10.473275280842682
1.055795657	12.976832200544614
1.056063464	11.91690939390307
1.056331407	12.020011826657742
1.056599486	12.093565693777318
1.056867701	11.992389306532608
1.057136052	11.888533311894108
1.057404539	12.913301310352999
1.057673163	12.575596644808623
1.057941923	12.833539367881237
1.05821082	13.462192402474367
1.058479854	13.596385786304017
1.058749025	13.542856237377956
1.059018332	14.473186335503861
1.059287777	13.899313900152348
1.059557358	15.216401606344979
1.059827077	14.443022808551436
1.060096934	15.605855086208996
1.060366927	15.294186936492023
1.060637059	14.750761610454825
1.060907328	15.727762064509939
1.061177734	16.169758136096835
1.061448279	15.678923128533132
1.061718962	17.32940942957457
1.061989782	15.969514189228029
1.062260741	17.327758889899588
1.062531838	16.37718058130604
1.062803074	16.749769383074746
1.063074448	17.504331298566992
1.063345961	17.446058727526037
1.063617612	17.970440990557513
1.063889403	18.298488625390135
1.064161332	18.676057889390272
1.0644334	18.597116809253677
1.064705608	18.75777620100062
1.064977954	19.936526890523332
1.06525044	19.239121649476076
1.065523066	20.252343678182882
1.065795831	19.266689957235688
1.066068736	20.290299068437516
1.06634178	19.711494165861975
1.066614965	20.96212322639658
1.066888289	20.695604631836275
1.067161754	21.635073144973266
1.067435359	21.740070661456357
1.067709104	22.79704546347019
1.06798299	21.880612517683755
1.068257016	22.568918002011845
1.068531183	22.32351048169788
1.06880549	23.11638851979723
1.069079939	23.560754097224773
1.069354528	24.58519291918562
1.069629259	23.681541237576877
1.06990413	24.42530879310101
1.070179143	23.555914589168857
1.070454298	25.751790004323745
1.070729594	25.003248990089112
1.071005031	26.68985228844841
1.071280611	25.925612830803114
1.071556332	25.93317148065342
1.071832195	26.712004289318376
1.0721082	26.84376623224435
1.072384348	27.701554944395614
1.072660638	28.85529628520808
1.07293707	27.918210734847108
1.073213644	29.680261349589728
1.073490362	28.43622201507927
1.073767222	30.04741759803051
1.074044225	28.851553756536028
1.07432137	30.46898798862754
1.074598659	29.5808481635532
1.074876091	30.633118907915424
1.075153667	31.028349391027405
1.075431385	31.455175973176054
1.075709248	31.79277806923949
1.075987254	32.63470720333165
1.076265403	32.95885067524227
1.076543697	34.54589393332227
1.076822134	33.49273909493893
1.077100715	34.52639363330299
1.077379441	33.92516291451084
1.077658311	35.516883150935286
1.077937325	35.10898301873336
1.078216484	35.86011768741912
1.078495788	36.00804802756488
1.078775236	36.67042318340077
1.079054829	36.263010796376406
1.079334567	37.49571267794627
1.07961445	37.01539669911159
1.079894479	37.98866803972418
1.080174652	37.982000095792
1.080454971	38.86806758550681
1.080735436	38.92532486893634
1.081016046	39.7720777830206
1.081296802	39.13643231002402
1.081577704	40.79206940762952
1.081858752	40.1506799139234
1.082139946	41.004255960736046
1.082421286	40.532976816378614
1.082702772	41.54473261658151
1.082984405	41.19209943189698
1.083266185	42.78173396749922
1.083548111	42.46989387424268
1.083830184	43.27797307650406
1.084112403	43.653568107823666
1.08439477	44.34056240993919
1.084677284	44.09017218581707
1.084959945	45.332977651807276
1.085242754	44.36956177979949
1.08552571	45.77069313325353
1.085808814	45.061900814365444
1.086092065	46.34408451198279
1.086375464	45.769897935002255
1.086659011	46.48389093715896
1.086942706	46.727676730018516
1.08722655	47.51793407869049
1.087510541	48.29426565692115
1.087794681	48.92011628092199
1.08807897	48.53451551521208
1.088363407	50.0201544507836
1.088647993	49.570093623045246
1.088932727	49.73109096596494
1.089217611	49.672384477781975
1.089502644	50.84622250156504
1.089787826	50.681270530854356
1.090073157	52.06009015727919
1.090358638	51.54640673156802
1.090644269	52.224140404686274
1.090930049	51.98391401399398
1.091215979	52.86556233071406
1.091502058	52.283502977575246
1.091788288	53.22868250016746
1.092074668	52.65381222359015
1.092361199	53.59642973089905
1.092647879	53.7695766763894
1.09293471	55.06547693884893
1.093221692	55.3256624297846
1.093508825	56.93454145167203
1.093796108	57.42850928935661
1.094083543	57.44713336758493
1.094371128	57.634187841158386
1.094658865	58.33308387781799
1.094946753	57.76093291094192
1.095234793	58.90780875205428
1.095522984	58.9838784461842
1.095811327	59.15796775267735
1.096099821	59.46967550709932
1.096388468	60.00755265793933
1.096677267	60.418307220450586
1.096966218	61.40471093893456
1.097255321	61.20231750737259
1.097544577	61.78067531503486
1.097833985	61.48258004194136
1.098123546	62.535024421607936
1.098413259	62.98351407084737
1.098703126	64.47506886576754
1.098993145	64.33814224917319
1.099283318	65.16895085974322
1.099573644	64.69843857394628
1.099864123	65.989338948032
1.100154756	66.01237913621848
1.100445543	67.1813770219172
1.100736483	66.60313595866639
1.101027577	68.00604528167752
1.101318825	67.85747406742307
1.101610228	68.85713968314307
1.101901784	68.72587513232544
1.102193495	70.40911851174161
1.10248536	70.19020353935498
1.10277738	71.64020487421256
1.103069555	70.99087408784328
1.103361885	72.69547241680876
1.103654369	72.2048481825757
1.103947009	73.97292124232902
1.104239804	73.28338978148163
1.104532754	74.85212791545734
1.10482586	74.47581742373343
1.105119122	76.62379388915198
1.105412539	76.16756863118059
1.105706112	77.55766968775652
1.105999841	78.71110591248151
1.106293726	79.48011863584885
1.106587767	79.20409302126627
1.106881964	80.32229773497035
1.107176318	79.94073976514849
1.107470829	81.4708372260282
1.107765497	81.39055544054816
1.108060321	83.06296322391897
1.108355302	83.17144808437395
1.10865044	83.89538323410365
1.108945736	83.94605349059542
1.109241189	84.77682658101706
1.109536799	85.26391798048724
1.109832567	86.09613914994159
1.110128493	86.29923526006206
1.110424576	87.95413865323998
1.110720818	88.29717400912067
1.111017217	89.28666312473311
1.111313775	89.83328031605807
1.111610491	90.0313287930368
1.111907366	91.59063484337315
1.112204399	91.71890763648776
1.112501591	92.02730749282709
1.112798942	93.50953360553206
1.113096452	93.62185627810575
1.113394121	95.0396557857584
1.11369195	95.96502905959956
1.113989937	96.53710104887762
1.114288084	97.49908344199781
1.114586391	98.34808461048706
1.114884858	98.33363027788978
1.115183484	99.91147332781652
1.115482271	101.10421493957539
1.115781217	101.4190387364883
1.116080324	102.16053770854046
1.116379592	102.44586022668288
1.116679019	104.12033237166433
1.116978608	105.37083610121431
1.117278357	106.24183795797407
1.117578268	106.888743064096
1.117878339	108.05422876992469
1.118178571	108.44377870455575
1.118478965	109.6473300019596
1.11877952	110.74799745749118
1.119080237	110.89680056533243
1.119381116	112.99435488133254
1.119682156	113.63385411041982
1.119983358	114.68843885295485
1.120284723	116.12340693671561
1.120586249	115.99733305444211
1.120887938	117.38958806113942
1.12118979	117.9147058331519
1.121491804	118.98671168290946
1.12179398	120.09933305837988
1.12209632	121.16685500373632
1.122398823	122.09467087522829
1.122701489	123.07367315608947
1.123004318	124.4573630288175
1.12330731	125.09789107549152
1.123610467	126.51085892653686
1.123913786	127.09567585165384
1.12421727	128.86939858669015
1.124520917	129.23510069855334
1.124824729	129.47651332517003
1.125128705	131.58859793813647
1.125432845	132.0381431797876
1.12573715	133.91992945647297
1.126041619	134.50663807476042
1.126346253	135.49224669915603
1.126651052	135.9136644724237
1.126956015	136.69748661566766
1.127261144	137.91397745081255
1.127566439	139.75514167039057
1.127871898	140.42352435398865
1.128177523	141.5813029170723
1.128483314	142.74480884301846
1.128789271	144.07662413396014
1.129095394	145.02863209759553
1.129401682	145.00673272922813
1.129708137	146.67742519895788
1.130014759	147.1540379961173
1.130321546	148.7015241804509
1.130628501	149.5733862860857
1.130935622	149.60730197380835
1.13124291	151.4053411373773
1.131550365	151.65417981009546
1.131857987	152.91755598225933
1.132165777	153.69917223856174
1.132473734	154.67620871434897
1.132781859	155.09769497449537
1.133090151	156.5602511572595
1.133398611	157.12826106541877
1.133707239	157.61478139141002
1.134016036	158.14538872434625
1.134325	158.50037370389654
1.134634133	159.9399581061395
1.134943434	160.02134005295417
1.135252905	160.82690036011377
1.135562544	161.74509052254913
1.135872352	161.3076644744956
1.136182329	161.97348149315195
1.136492475	162.68116364659787
1.13680279	163.23542892918897
1.137113276	164.0157442250516
1.13742393	164.2986270850817
1.137734755	164.4725321677679
1.138045749	163.20478781100672
1.138356914	164.1354424159086
1.138668249	165.23186103849767
1.138979754	166.0607272691929
1.139291429	167.2478256537935
1.139603276	165.70723699930863
1.139915293	165.17206574958297
1.14022748	165.6796859535739
1.140539839	166.21042059945455
1.140852369	166.492475162865
1.141165071	166.3319035504796
1.141477944	166.21135041449529
1.141790988	166.2703241501791
1.142104204	165.79098755423627
1.142417593	166.47254625331115
1.142731153	165.15016573903137
1.143044885	165.53113861427164
1.14335879	165.3107200522197
1.143672867	165.38505262420097
1.143987117	165.5265519092215
1.144301539	164.76381277660954
1.144616134	164.15183588227336
1.144930903	163.47818140624145
1.145245844	163.80965061061255
1.145560959	163.92160733019549
1.145876248	163.10801903236583
1.146191709	162.4904438074295
1.146507345	161.77839829339254
1.146823155	161.23597627424124
1.147139138	161.10565646089444
1.147455296	160.50472472231624
1.147771628	160.11838871911382
1.148088134	159.010988966674
1.148404816	157.8608230161241
1.148721671	157.88850961706672
1.149038702	157.4143232370677
1.149355908	156.46334331243963
1.149673289	156.56840339552696
1.149990845	154.33947727361416
1.150308577	154.36109380282724
1.150626485	153.6441855732079
1.150944568	152.0992218354271
1.151262827	152.31127568943532
1.151581262	151.02352372202094
1.151899873	149.14351072010052
1.152218661	149.00103073374305
1.152537625	148.46467276165177
1.152856766	146.3531018880273
1.153176084	146.61373178463876
1.153495578	145.1251894418649
1.15381525	144.79075082531355
1.154135099	143.14148457622935
1.154455125	142.8885414732853
1.154775329	141.52549362970402
1.155095711	139.8176333835395
1.15541627	140.1702271294077
1.155737007	138.45810732793538
1.156057923	137.56390340132373
1.156379016	136.81215886720514
1.156700288	135.68654838532933
1.157021739	135.49330154352586
1.157343368	134.89748563390495
1.157665177	134.6116067333058
1.157987164	133.2527449232416
1.15830933	132.74316022808918
1.158631676	131.16330844567602
1.158954201	130.32050030673665
1.159276906	129.6446745378911
1.15959979	129.1776849491344
1.159922855	128.35239472322363
1.160246099	126.721153874291
1.160569524	126.69391103429406
1.160893129	125.05651466631758
1.161216915	124.36586682749383
1.161540881	124.18141099396358
1.161865028	122.96884922605544
1.162189356	122.51588239997437
1.162513865	121.95419521295256
1.162838556	121.7484285963894
1.163163428	120.63018587634464
1.163488481	120.04338222071101
1.163813716	119.53283767456264
1.164139133	118.47754018306385
1.164464732	118.17996979148755
1.164790514	116.92220292943364
1.165116477	116.78488224597872
1.165442623	115.90552303376353
1.165768952	115.62255188362245
1.166095464	115.2938841532142
1.166422158	114.97377702525229
1.166749036	114.2170692091177
1.167076097	113.77838660634285
1.167403341	113.25590044634716
1.167730769	112.48325664186598
1.16805838	112.46292760870618
1.168386176	112.20980710999352
1.168714155	111.17755251610319
1.169042319	111.44045579344392
1.169370667	110.48459352953867
1.169699199	110.44158317635247
1.170027916	109.65581977144541
1.170356818	109.22289997116329
1.170685905	109.02520248393071
1.171015177	108.44492689636408
1.171344635	107.80114736359809
1.171674277	108.11663804935576
1.172004106	107.26639319746751
1.17233412	107.21754222253838
1.17266432	107.17445181759877
1.172994706	105.73000605715295
1.173325278	106.20578944345449
1.173656037	105.45342456657349
1.173986982	105.07294197169702
1.174318114	104.69894049643071
1.174649433	104.40984790454341
1.174980938	103.91769206894972
1.175312631	103.59670972206571
1.175644511	103.78180287677783
1.175976579	102.42737378353868
1.176308834	102.70962931792143
1.176641278	102.14494417412914
1.176973909	101.55026802138089
1.177306728	100.75722993834628
1.177639735	100.17723361807812
1.177972931	100.26851985005607
1.178306316	99.30709526928555
1.178639889	99.89431043337241
1.178973651	98.95490693991864
1.179307603	98.40964168144421
1.179641743	97.97463098797522
1.179976073	97.301699901241
1.180310593	97.0634058777797
1.180645302	96.44974271036291
1.180980201	96.10476842338068
1.18131529	94.88741305696989
1.18165057	94.5474367313975
1.181986039	94.17618046323787
1.1823217	93.55856029991787
1.182657551	92.88090858553784
1.182993592	92.56840203017481
1.183329825	92.04427390098517
1.183600133	91.18668743198683
1.183937705	91.93940418269015
1.184275469	89.88261160731732
1.184613427	90.64652063022265
1.184951577	88.56248443206829
1.185289921	89.65930545465827
1.185628457	87.39904302774275
1.185967188	88.54207050692501
1.186306111	86.56381148353873
1.186645229	87.32708342994866
1.186984541	85.42269936492298
1.187324046	85.94458833541574
1.187663746	84.05447092482034
1.18800364	84.82189109957038
1.188343729	83.43373772152108
1.188684013	83.53102343868403
1.189024492	82.18048014842144
1.189365165	82.80622493661987
1.189706034	81.31316063074061
1.190047099	81.91193441705684
1.190388359	80.29322080996616
1.190729815	80.88674871809661
1.191071466	79.00969204587278
1.191413314	79.57970697750754
1.191755358	77.94984019895365
1.192097599	78.6344496424903
1.192440036	77.43000457831089
1.19278267	78.05592703084041
1.193125501	75.78812408536713
1.193468529	76.64607662702792
1.193811755	75.0535890320785
1.194155178	75.59938999288272
1.194498798	74.18362879613275
1.194842617	74.7389292605987
1.195186633	73.34929501548285
1.195530847	74.12652996280005
1.19587526	72.138785363389
1.196219872	73.2800904497257
1.196564682	71.07400578074368
1.19690969	72.55370271089464
1.197254898	70.98854365366999
1.197600305	71.85569596090558
1.197945912	70.51432353928013
1.198291717	71.2955638290808
1.198637723	69.20688680311416
1.198983929	70.82993949348698
1.199330334	68.91885885325051
1.19967694	70.45565141457764
1.200023746	68.6104067714577
1.200370753	69.83620267017892
1.20071796	68.0789821859982
1.201065368	69.08472490366097
1.201412978	67.45648427871339
1.201760789	68.79690870466972
1.202108801	67.18317511711493
1.202457015	68.08647112698205
1.20280543	66.51452848846971
1.203154048	67.5474675231158
1.203502867	66.3060855896925
1.203851889	67.20840527305201
1.204201114	65.9102196054638
1.204550541	67.23363815336494
1.204900171	65.83664939872337
1.205250004	66.7682554906408
1.20560004	65.33204066414714
1.20595028	66.28179321887376
1.206300723	65.06803049186288
1.20665137	65.89331593883252
1.207002221	64.39447725004247
1.207353276	65.47802118219768
1.207704535	64.2843001048225
1.208055999	64.9570607130391
1.208407667	64.04612036293726
1.20875954	64.29568331411772
1.209111618	63.308106322591804
1.209463901	63.78082478841777
1.20981639	62.78412447845352
1.210169084	63.255790398375325
1.210521984	62.180518860306705
1.210875089	62.6815590400096
1.211228401	61.84290929960082
1.211581919	62.180117674451935
1.211935643	61.429633863226236
1.212289574	61.805051362185
1.212643712	60.78969749327797
1.212998057	61.04150978153107
1.213352609	60.129100503748475
1.213707368	60.456667657594934
1.214062334	59.31880760888118
1.214417509	59.67367808835449
1.214772891	58.52158125183632
1.215128481	59.08152627312617
1.21548428	57.86821840283748
1.215840287	58.3578466285946
1.216196502	57.658387235787444
1.216552927	57.73075776306391
1.21690956	56.79691773215211
1.217266403	57.267549814213524
1.217623454	55.79408260023775
1.217980716	56.386684411414606
1.218338187	55.16613538309865
1.218695868	55.384227466576256
1.219053759	54.23682356051783
1.21941186	54.7253538406984
1.219770172	53.47016493084966
1.220128694	53.85701367269917
1.220487428	53.01923308710569
1.220846372	53.15460958127555
1.221205527	52.00648723770287
1.221564894	52.301811189969335
1.221924472	51.25385414500263
1.222284262	51.29072813675887
1.222644264	50.38731493841991
1.223004479	50.72550390496921
1.223364905	49.507303765154454
1.223725544	49.95880649692294
1.224086396	48.7725159562539
1.22444746	49.28789023603832
1.224808738	48.00714467688192
1.225170229	48.32972438013069
1.225531933	47.23468000710305
1.225893851	47.46819906370332
1.226255983	46.49271045545522
1.226618329	46.689520040522346
1.226980889	46.002973072326405
1.227343663	46.26654458524334
1.227706652	45.175720412256254
1.228069856	45.65202855834047
1.228433274	44.884585247906145
1.228796908	45.14090458382367
1.229160757	44.026966995908886
1.229524822	44.6179164347536
1.229889103	43.18511234753333
1.230253599	43.95202807560953
1.230618312	42.79692227112398
1.23098324	43.42999209539244
1.231348386	42.37419145944732
1.231713748	42.72531631043364
1.232079326	41.857937925093886
1.232445122	42.299246910102156
1.232811136	41.465472461985414
1.233177366	41.80201795837388
1.233543815	40.53669849049955
1.233910481	41.42726566143682
1.234277365	40.31237940518639
1.234644468	41.13350209051849
1.235011788	40.15258330890263
1.235379328	40.67038644508893
1.235747086	39.686410234337934
1.236115064	40.22824635035379
1.23648326	39.36612120249539
1.236851676	39.884932668329526
1.237220312	38.733996513933995
1.237589167	39.49769722039608
1.237958243	38.55192078868438
1.238327538	39.18034646540978
1.238697054	38.011698457327604
1.239066791	38.66581095060461
1.239436748	37.833558771874486
1.239806927	38.228225885938784
1.240177326	37.57630958482999
1.240547947	37.84919313981797
1.24091879	36.999289841454726
1.241289854	37.56290290854946
1.24166114	36.78149281023114
1.242032649	37.109262349789184
1.24240438	35.920978025937025
1.242776333	36.56842471804779
1.243148509	35.466394925151675
1.243520909	36.2501910287047
1.243893531	35.432276960512986
1.244266377	35.712453821705935
1.244639446	34.770998803625325
1.245012739	35.27218747594699
1.245386256	34.182268816645376
1.245759998	34.723158618878905
1.246133963	33.65486241626032
1.246508154	34.238693099190066
1.246882569	33.29114643129614
1.247257209	33.73893551410044
1.247632074	32.533413493457665
1.248007165	32.921756883525966
1.248382481	32.065282512230915
1.248758023	32.43560743922218
1.249133791	31.374025455250848
1.249509785	31.914574699304275
1.249886006	30.602045219634913
1.250262453	31.310038011616015
1.250639127	30.489568038065077
1.251016029	30.61472486011122
1.251393157	30.227718330006738
1.251770513	30.271411380427608
1.252148096	29.028477440909327
1.252525908	29.710977289321857
1.252903947	27.964208420240386
1.253282215	29.15200251634881
1.253660711	28.087854774948294
1.254039436	28.498728581919917
1.25441839	27.453829834257714
1.254797573	28.02162409139907
1.255176985	26.903499649906156
1.255556627	27.33781018923781
1.255936498	26.736719052355927
1.256316599	26.854885834960534
1.256696931	25.91199300734261
1.257077493	26.50982463776099
1.257458285	25.336042186424354
1.257839308	26.024578676316565
1.258220562	24.9073774719548
1.258602048	25.663006577773693
1.258983764	24.468341105222837
1.259365713	25.033815758794432
1.259747893	24.032316532920316
1.260130305	24.637043720004947
1.260512949	23.318589625448418
1.260895826	24.155579823002675
1.261278936	23.188143541167513
1.261662278	23.95734160157544
1.262045854	23.217457878658482
1.262429663	23.68256188727923
1.262813705	22.462251330494418
1.263197981	23.28599995009802
1.263582491	22.09540570870219
1.263967235	23.00716637239658
1.264352214	21.926518655288334
1.264737427	22.669888139417868
1.265122875	21.59893757665609
1.265508558	22.425152158607098
1.265894476	21.53881547892412
1.26628063	22.0387951891493
1.266667019	21.254802885939913
1.267053644	22.005452684898238
1.267440505	21.04492120932888
1.267827603	21.764205239261457
1.268214937	20.8684805084054
1.268602508	21.563419091694964
1.268990315	20.694731862937147
1.26937836	21.339459619625227
1.269766643	20.159932856890432
1.270155163	21.12376385540001
1.27054392	19.929874579141426
1.270932916	20.82010691160354
1.27132215	19.9506362976524
1.271711623	20.53741596691533
1.272101334	19.90912378608204
1.272491284	20.392838425905794
1.272881474	19.677723793741404
1.273271902	20.18007083102531
1.273662571	19.063002110545767
1.274053479	20.151814879107846
1.274444627	18.849650546004554
1.274836015	19.843435151819033
1.275227644	19.064104840092785
1.275619514	19.66299132376957
1.276011624	18.65779791190927
1.276403976	19.35041558224986
1.276796569	18.027813035699026
1.277189403	19.1461042101826
1.277582479	17.74765331851647
1.277975798	18.6067735723836
1.278369358	17.927430393963935
1.278763161	18.517828798942535
1.279157207	17.889141605046408
1.279551496	18.138151599000278
1.279946028	17.10094308108699
1.280340803	17.888005909540173
1.280735822	16.7121830740922
1.281131084	17.60524563008009
1.281526591	16.728574082574305
1.281922342	17.398350937539497
1.282318337	15.8619597060302
1.282714578	17.02916509266747
1.283111063	15.535684644426068
1.283507793	16.629114357797754
1.283904769	15.743069144672361
1.28430199	16.12169756438546
1.284699457	15.231229430498553
1.285097171	15.82610771773613
1.28549513	14.800994180732003
1.285893337	15.654646617809934
1.28629179	14.51637226850167
1.286690489	15.380556404338062
1.287089437	13.869602313983613
1.287488631	15.110228171720596
1.287888074	13.9795965767193
1.288287764	14.73227942279805
1.288687703	13.660451651366548
1.289087889	14.343029603013562
1.289488325	13.346804843394274
1.289889009	13.894733035793587
1.290289943	13.377501964016805
1.290691126	13.694190757915232
1.291092558	12.574329091154283
1.29149424	13.573597340260676
1.291896172	12.384419935356824
1.292298354	13.423938664215346
1.292700787	12.453926238158937
1.293103471	13.181256137804196
1.293506405	11.501151402254886
1.293909591	12.886490544847183
1.294313028	11.661468738574978
1.294716717	12.566093136842358
1.295120658	11.72235038440548
1.295524851	12.297473279100483
1.295929296	11.07129907853062
1.296333994	12.156992332853603
1.296738944	11.361936080161044
1.297144148	12.01685640154737
1.297549605	10.96376035967412
1.297955316	11.94599434190444
1.29836128	10.53568795980497
1.298767498	11.77698115171268
1.299173971	10.384922267353769
1.299580698	11.554691303191007
1.29998768	10.007522446889784
1.300394917	11.26304193563847
1.300802409	10.5707488868851
1.301210157	10.917625121768369
1.30161816	10.574406549805586
1.302026419	10.922795112063934
1.302434935	9.768566260054808
1.302843707	10.828251868321786
1.303252735	9.922569094785723
1.30366202	10.922510137931766
1.304071563	9.576355281575166
1.304481363	10.671200082139032
1.304891421	9.523743972174277
1.305301736	10.357820081940247
1.30571231	9.586108928423577
1.306123142	10.12310216794295
1.306534232	8.780140631280545
1.306945582	9.936168860716636
1.30735719	8.705026604711135
1.307769058	9.852290389206303
1.308181186	8.778242234376576
1.308593573	9.798778547612141
1.30900622	8.9266353880839
1.309419128	9.634262593023669
1.309832297	8.772970118684018
1.310245726	9.610511205012152
1.310659416	8.158805562997951
1.311073367	9.318463575654082
1.31148758	7.7385528539133
1.311902055	8.942196672384632
1.312316792	7.985049427916347
1.312731792	8.74655557536498
1.313147053	7.853988207153649
1.313562578	8.528619377933158
1.313978366	7.434345226807084
1.314394417	8.540172257193085
1.314810731	7.279778834601414
1.315227309	8.421630911940445
1.315644152	7.018741086469806
1.316061259	8.172622768035188
1.31647863	6.811468218482206
1.316896266	7.774315305205782
1.317314167	6.81642545360776
1.317732334	7.596118989453532
1.318150766	6.11720698170136
1.318569463	7.473198108871159
1.318988427	6.253435392183577
1.319407658	7.3047133402445965
1.319827154	6.1239487147259295
1.320246918	7.221223369018857
1.320666949	5.84017594386087
1.321087247	7.08069252045458
1.321507813	5.655831161056069
1.321928646	6.821114507444061
1.322349748	5.4363585329801
1.322771118	6.662018863437862
1.323192757	5.376397089906653
1.323614664	6.350411276822974
1.324036841	5.294580410703566
1.324459287	6.283735975029614
1.324882003	5.212529621965106
1.325304988	6.271052271871071
1.325728244	5.0525062472278535
1.326151771	6.015293297767877
1.326575568	5.130537938012453
1.326999635	5.986819439997472
1.327423975	4.406994331204838
1.327848585	5.948774848129781
1.328273468	4.455257479954675
1.328698622	5.76897476910153
1.329124048	5.18548594825304
1.329549748	5.670544232987608
1.329975719	4.704470876690269
1.330401964	5.713340003712924
1.330828483	4.24570862212739
1.331255274	5.531863107064685
1.33168234	4.300845720948421
1.33210968	5.538492534090239
1.332537294	4.255410982505059
1.332965182	5.442548720226261
1.333393346	4.047740001921872
1.333821785	5.513149305917169
1.334250499	4.686689277748406
1.334679489	5.290842443253625
1.335108754	3.977366810984382
1.335538296	5.283556062164187
1.335968115	3.7999153055105492
1.33639821	5.222668402234895
1.336828582	4.2735668315857565
1.337259232	5.169564176574786
1.337690159	3.9468296709151667
1.338121364	5.039875049010485
1.338552847	3.767483220700223
1.338984608	5.13441936651459
1.339416648	4.012034185653666
1.339848967	5.082974415859837
1.340281565	3.762240858952459
1.340714442	5.070440213924234
1.341147599	3.929022635670862
1.341581037	4.957887605440252
1.342014754	3.679060895586086
1.342448752	4.7829159254743585
1.342883031	3.695266092825873
1.34331759	4.70694803900633
1.343752431	3.58618656742507
1.344187554	4.640174933767936
1.344622959	3.397119630244551
1.345058646	4.536425760751908
1.345494615	3.382233402432691
1.345930867	4.521612253749436
1.346367402	3.700371983035355
1.34680422	4.602542425092347
1.347241321	3.3210716557147064
1.347678707	4.42303757362621
1.348116377	3.126976411589277
1.34855433	4.294613114133465
1.348992569	3.1258729973814203
1.349431093	4.1002534500659
1.349869901	2.4261068038184503
1.350308996	3.9879087697095534
1.350748375	2.735220004887961
1.351188041	4.011261867104428
1.351627994	3.0737646025509338
1.352068233	3.898038554659389
1.352508758	2.995689852498901
1.352949571	3.9653304352170866
1.353390672	2.6880475171466003
1.35383206	3.8168558606337974
1.354273736	2.126574590097494
1.3547157	3.4997498091324286
1.355157953	2.3558246232253177
1.355600495	3.5144644473078506
1.356043326	2.3368926938349204
1.356486446	3.44938219219176
1.356929856	2.394445246617378
1.357373556	3.4350370127985808
1.357817546	1.934005503219207
1.358261827	3.495149389954718
1.358706399	1.9868201005845012
1.359151262	3.43042585339514
1.359596416	2.259931273954126
1.360041862	3.339813177683168
1.360487599	1.9055452814652434
1.360933629	3.112449250346934
1.361379952	1.9676682227733218
1.361826568	3.089412498610493
1.362273476	1.8740593628561886
1.362720678	3.0654756034961004
1.363168174	1.6879151240400028
1.363615964	3.1822844015942464
1.364064048	2.30720163976915
1.364512426	3.3656624088582596
1.3649611	1.8356601518345124
1.365410068	3.2976249702707103
1.365859333	1.3385706785867648
1.366308892	3.043851621228598
1.366758748	1.6483799307748253
1.3672089	2.8981887946997316
1.367659349	1.938508844306832
1.368110095	2.7689469504058786
1.368561138	1.669141651525912
1.369012478	2.8950169458055113
1.369464117	1.3157713245264249
1.369916053	2.976468436100465
1.370368288	1.7369547717472715
1.370820821	2.923165472170906
1.371273653	1.4575519214518917
1.371726785	2.89743042513625
1.372180216	0.6881319695078392
1.372633947	2.787836144075446
1.373087978	1.0361621678836348
1.37354231	2.4870645332089087
1.373996943	1.5093456136087284
1.374451876	2.4695482165042617
1.374907111	0.8999041547348374
1.375362648	2.6631521642541096
1.375818486	1.5390818071499235
1.376274627	2.7690337051533387
1.37673107	1.173408986979389
1.377187816	3.028864964021289
1.377644866	0.2936289222699577
1.378102218	2.7019890420414905
1.378559875	0.43063565767988643
1.379017836	2.4595483846483615
1.379476101	0.6304343983200523
1.37993467	2.4349463913682245
1.380393545	0.6784342581287779
1.380852725	2.3999379134696737
1.38131221	0.4885843683794066
1.381772002	2.5646140403273745
1.382232099	0.4217293087689341
1.382692504	2.8493601270036444
1.383153214	0.3619072832355168
1.383614233	3.1382379073598594
1.384075558	0.6556515167417671
1.384537191	2.5683568445237834
1.384999132	-0.29386457041755404
1.385461382	2.416605802605555
1.38592394	-0.5418032251600614
1.386386808	2.2771140308636904
1.386849984	0.4364706286844738
1.38731347	2.2595463568934386
1.387777266	0.04641352302218636
1.388241372	2.540577795438822
1.388705789	0.12920945759285216
1.389170517	2.9660214558908233
1.389635555	0.26668682401649113
1.390100906	2.7157612768596917
1.390566568	-1.9239595985311282
1.391032542	2.677011038639878
1.391498828	-1.5781018308223278
1.391965427	2.327893382025963
1.392432339	0.07640760551148659
1.392899565	2.058248107572865
1.393367104	-0.07586295278437888
1.393834957	2.1529230232820806
1.394303124	-0.28446063103513236
1.394771606	2.5190754799352573
1.395240403	-0.8081317097337846
1.395709516	2.56859987161527
1.396178943	-0.8121801232171684
1.396648687	2.635721306303831
1.397118747	0.09121729686662865
1.397589123	2.9044610527804675
1.398059816	-0.8462174821938897
1.398530827	2.355242207692275
1.399002154	-1.2519823619678438
1.3994738	2.036944036850281
1.399945764	-0.8856745315438481
1.400418046	2.161853952040112
1.400890647	-0.7647203089392691
1.401363567	2.5712565196282355
1.401836806	-0.5906560282226729
1.402310365	2.6605885936906084
1.402784244	-1.5541067495674095
1.403258444	2.7893088045868013
1.403732964	-2.4216459625008313
1.404207806	2.550581084981267
1.404682968	-2.1039078291387185
1.405158453	2.260946707827667
1.405634259	-0.8107062701421957
1.406110388	2.212801101163895
1.406586839	-0.09633155748459876
1.407063614	2.4855472857153385
1.407540711	-2.6777706819669898
1.408018133	2.635618759435399
1.408495878	-2.6054249073806983
1.408973948	3.1508140985353923
1.409452342	-1.2147847523253108
1.409931061	2.9787226514306475
1.410410106	-2.958082074540861
1.410889476	2.76871142602645
1.411369172	-2.7092763786014697
1.411849195	2.405802171985541
1.412329544	-3.514623933291751
1.41281022	2.18054482809369
1.413291223	-3.4461769648220044
1.413772554	2.637024102635049
1.414254213	-2.3395521044683316
1.4147362	3.0832185735787787
1.415218516	-2.676967749751773
1.415701161	3.042715903544016
1.416184135	-5.954727134288738
1.416667439	3.1318393435384815
1.417151073	-4.5748516512230415
1.417635037	3.126092150806862
1.418119332	-0.9078641567104312
1.418603958	2.879214125924473
1.419088915	-8.290772282286673
1.419574204	2.815707364166953
1.420059825	-7.017422918334673
1.420545778	3.131615083434444
1.421032064	-2.392370081104034
1.421518683	3.833069206550057
1.422005636	-2.610925317693369
1.422492922	4.099480317731195
1.422980542	-4.731442403221946
1.423468497	4.6247754096174685
1.423956786	-8.292858923307657
1.42444541	4.134878221139611
1.42493437	-14.238567296387828
1.425423666	4.212216347219436
1.425913298	-20.06810750547941
1.426403266	4.619922887136448
1.426893572	-20.74477461743136
1.427384214	3.9243622999587227
1.427875194	-12.813160796341426
1.428366512	4.976767297854934
1.428858168	-21.088337513234567
1.429350163	5.388387718401181
1.429842496	-29.758762113905934
1.430335169	5.142137431832569
1.430828182	-18.684986552525043
1.431321534	5.273225178690294
1.431815227	-41.48845466881913
1.43230926	7.367285387641826
1.432803635	-42.49632812329209
1.433298351	6.555350578792386
1.433793409	-19.937200552940666
1.434288808	8.198322199320861
1.434784551	-46.529641890633506
1.435280636	7.502970976522779
1.435777064	-66.6570652599947
1.436273836	10.126638354209476
1.436770951	-33.25182030357479
1.437268411	9.609928869059349
1.437766216	-49.08853913089696
1.438264365	11.108059679571442
1.43876286	-74.4792495722508
1.4392617	10.962655081008734
1.439760887	-43.46087857491958
1.440260419	15.568827340655627
1.440760299	-85.57049117714175
1.441260526	17.225953967034762
1.4417611	-126.54612696541358
1.442262022	18.881135956856554
1.442763292	-84.42308884427442
1.443264911	17.317183526259647
1.443766878	-169.53568204180405
1.444269195	24.219098089696832
1.444771862	-95.86107662895077
1.445274879	32.88120582730288
1.445778246	-37.100677899442815
1.446281963	45.40775367154896
1.446786032	-101.76850023420764
1.447290453	60.41014484304013
1.447795225	-182.640413117075
1.448300349	58.961498779404415
1.448805826	-134.19418149557913
1.449311656	61.096556805225106
1.44981784	-55.66015592233007
1.450324377	75.58076068368841
1.450831268	-172.10704322149635
1.451338514	69.62947159878496
1.451846114	-240.58483104787305
1.452354069	93.0932305017058
1.452862381	-181.00402832922668
1.453371048	110.06945667533945
1.453880071	-127.27647876752282
1.454389451	127.19004107723266
1.454899188	-225.03798535213136
1.455409283	189.9489227668676
1.455919735	-286.14131035701456
1.456430546	188.08787193690466
1.456941715	-129.83910559096546
1.457453243	99.56877371437719
1.45796513	-283.259602013369
1.458477377	126.7372850973477
1.458989984	-254.35117130002607
1.459502952	136.51556782294816
1.46001628	-508.10742859149013
1.46052997	141.33513668192325
1.461044021	
1.461558434	254.86985137943532
1.46207321	
1.462588348	389.8640448256929
1.46310385	-470.062925568505
1.463619715	418.6252220526112
1.464135943	-395.49034569602316
1.464652537	654.5945121998595
1.465169494	-139.47996741923646
1.465686817	185.87321965404487
1.466204506	-179.83946160823933
1.46672256	165.27349418474705
1.46724098	
1.467759767	144.91553629372783
1.468278921	
1.468798442	234.7291819849932
1.469318331	
1.469838589	950.8499735988096
1.470359215	-1967.0777245270904
1.470880209	10852.65240170677
1.471401573	-322.36354038159567
1.471923307	
1.472445411	-280.6833773512061
1.472967886	327.31792129979357
1.473490731	-694.386037626914
1.474013948	291.59785756246066
1.474537536	-18.304036472004466
1.475061497	227.74804184821798
1.47558583	
1.476110536	183.13904634785112
1.476635615	
1.477161068	226.80324566841418
1.477686895	
1.478213097	534.8488955923589
1.478739673	-406.40343941121995
1.479266625	694.9098880303949
1.479793952	-320.1863020692447
1.480321656	468.6090836316751
1.480849736	22.085864976833417
1.481378193	642.1477988210556
1.481907027	-239.48795041469842
1.482436239	286.29036299101716
1.482965829	-2890.128644277996
1.483495797	415.6637584369673
1.484026145	-4629.746063818796
1.484556871	549.5966998911459
1.485087978	-575.4559009887536
1.485619465	444.95413827168255
1.486151332	-267.6666586146591
1.48668358	369.37170608005596
1.48721621	-591.339391656219
1.487749221	235.3362314900058
1.488282615	-960.4100164040915
1.488816391	277.3666851098875
1.48935055	
1.489885093	1051.1283525220995
1.490420019	-576.0281820918747
1.49095533	15494.174302289533
1.491491025	-145.94350889637036
1.492027106	6596.100209616903
1.492563572	-490.3071183364793
1.493100423	889.8625343361213
1.493637662	-1794.3723370394175
1.494175287	283.2463084482137
1.494713299	-478.8512974130949
1.495251699	155.1892734327261
1.495790486	
1.496329662	250.31501817236708
1.496869227	
1.497409182	
1.497949526	
1.49849026	
1.499031384	
1.4995729	
1.500114807	-701.5202053244483
1.500657106	
1.501199796	-424.2753233354004
1.50174288	536.0054081161207
1.502286357	-119.8329883020667
1.502830227	272.31745411843883
1.503374491	
1.50391915	145.32271365878228
1.504464203	
1.505009651	646.3401836422249
1.505555496	
1.506101736	
1.506648373	
1.507195406	
1.507742838	-409.589069739652
1.508290666	
1.508838894	-231.61638983962428
1.509387519	
1.509936544	-318.8035927575381
1.510485969	561.9803897426649
1.511035793	
1.511586018	361.80647301561487
1.512136644	
1.512687671	561.1888911962857
1.5132391	
1.513790931	
1.514343164	
1.514895801	
1.515448841	-1411.7515771767355
1.516002285	
1.516556134	-737.4250342821379
1.517110387	
1.517665046	-429.4827435912353
1.51822011	
1.518775581	-2770.73905890442
1.519331458	1394.1703139733038
1.519887742	
1.520444433	1193.104434409604
1.521001533	
1.521559041	2899.231852000999
1.522116958	
1.522675284	
1.52323402	
1.523793166	1126.9487242603393
1.524352723	
1.52491269	
1.52547307	
1.526033861	1136.7850642200888
1.526595065	
1.527156682	
1.527718712	-4577.385639966023
1.528281156	
1.528844014	-5807.785145157578
1.529407287	
1.529970976	-1528.7769975036665
1.530535079	1722.5422973324842
1.531099599	-246.46460740094454
1.531664536	
1.53222989	
1.532795661	696.3238992684942
1.53336185	
1.533928458	1701.3945796134226
1.534495484	
1.53506293	
1.535630796	
1.536199082	
1.536767788	-2209.388704111239
1.537336916	
1.537906466	-572.3362514036324
1.538476438	
1.539046832	-244.94604241228245
1.53961765	442.77409719487514
1.540188891	
1.540760556	264.35271887823563
1.541332646	
1.541905161	216.71556072013496
1.542478101	
1.543051467	1315.086562772272
1.54362526	
1.544199479	
1.544774126	
1.545349201	
1.545924704	-2080.5020752049054
1.546500635	
1.547076997	-1778.114256831363
1.547653787	569.6954728373659
1.548231009	
