Date:	Monday, March 30, 2026, 5:40 PM
Measurement type:	Photoluminescence
Temperature: 	9.833 K
Integration time:	0.800 s
Excitation power:	7.598377 nW
Center wavelength	1078.132 nm / 1.150 eV
Dispersion window:	304.943 nm / 0.332 eV
Entrance slit width:	0.501 mm
Exit slit width:	0.000 mm
 	
Energy 	Powerspectrum 
(eV)	(Counts/0.800s)
Excitation power	10.44mW
	
1.007751232	16.645398796035504
1.007995217	-35.96947585620275
1.008239321	10.127267721709758
1.008483543	-23.124440765133684
1.008727883	12.790864962201365
1.008972341	-19.373573275574433
1.009216918	14.03303465767535
1.009461614	-19.876538841739606
1.009706428	25.165376454475105
1.009951361	-21.95995769411457
1.010196413	26.374938682635335
1.010441584	-46.26507794777241
1.010686874	18.600244062680783
1.010932283	-27.517353821307747
1.011177812	18.798103012615424
1.011423459	-25.07291658418575
1.011669226	12.605445556217104
1.011915113	-34.23162781851142
1.012161119	12.755312694701614
1.012407244	-15.328254099849577
1.01265349	16.325012168009366
1.012899855	-11.998724949552999
1.01314634	20.130405249162308
1.013392945	-29.758806545481196
1.01363967	17.39010309505607
1.013886515	-27.802569315960703
1.014133481	17.228426531922565
1.014380567	-22.7514649530219
1.014627773	12.592724065875426
1.0148751	-22.77962479271434
1.015122548	9.48802017037003
1.015370116	-21.171647084474134
1.015617805	9.643829330038846
1.015865614	-13.981476380146113
1.016113545	12.500762861313413
1.016361597	-5.571953581898491
1.01660977	13.491625761675868
1.016858064	-10.89978440839312
1.01710648	14.441754017002435
1.017355017	-21.587072163139986
1.017603675	13.696336718039937
1.017852455	-20.254327205890803
1.018101357	12.599898924350667
1.01835038	-18.35949857889582
1.018599525	11.62191762832259
1.018848793	-22.644705774728063
1.019098182	10.637233804825923
1.019347693	-11.490735145608252
1.019597327	9.215579006165589
1.019847083	-8.836829641505288
1.020096961	12.286926911539984
1.020346962	-21.709681686920035
1.020597085	11.567450182659137
1.020847331	-9.12814970669402
1.0210977	11.971928362944675
1.021348191	-15.780986284120289
1.021598806	9.612105446203943
1.021849543	-16.995038206025548
1.022100404	11.513990717463257
1.022351387	-10.955497330481037
1.022602495	9.25426048221222
1.022853725	-5.7022127050126565
1.023105079	11.237272362140367
1.023356556	-6.866243560012293
1.023608158	11.472022268019225
1.023859883	-12.435539944082812
1.024111731	9.888394816168745
1.024363704	-12.145052172200346
1.024615801	11.233114061492934
1.024868022	-6.957112841640121
1.025120367	9.04419108293037
1.025372836	-9.515799280200717
1.02562543	9.012578380927984
1.025878148	-6.300799761303839
1.026130991	9.495819252273519
1.026383958	-9.390619936711724
1.02663705	11.721605767110542
1.026890267	-8.722539116633763
1.027143609	10.791812644763338
1.027397076	-9.92509378346355
1.027650668	7.824232644359109
1.027904386	-6.02142797726284
1.028158228	7.651742733686028
1.028412196	-4.439895657880963
1.02866629	8.22519520223002
1.028920509	-4.508678868988876
1.029174854	10.570714022621774
1.029429325	-5.410489866481545
1.029683921	9.889398784164293
1.029938643	-6.990472083149677
1.030193492	10.915177902761952
1.030448467	-6.152773611780633
1.030703568	9.237233070866289
1.030958795	-3.386661018835675
1.031214148	9.207398786092053
1.031469629	-4.140143080392985
1.031725236	7.044531992338301
1.031980969	-4.88082821709554
1.032236829	8.958868801130375
1.032492817	-2.036520583577547
1.032748931	8.795989618056321
1.033005172	0.35401555799831774
1.033261541	11.548869887460157
1.033518037	-6.871538479593897
1.03377466	11.48538608115168
1.03403141	-5.3133111433024816
1.034288289	10.974242350673002
1.034545294	-1.212728968751765
1.034802428	7.707304187591419
1.03505969	0.10719633552978416
1.035317079	8.56011974373332
1.035574597	-2.3919954151436484
1.035832242	8.255503535768893
1.036090016	1.989582691148294
1.036347918	9.899971198336786
1.036605949	2.4021786449800877
1.036864108	10.68222487012819
1.037122396	-0.5235843660510269
1.037380812	11.09177885157195
1.037639357	-3.5408865380054504
1.037898032	10.519719513405345
1.038156835	-1.4911386828293542
1.038415767	8.776951443146901
1.038674828	2.670453676706449
1.038934019	8.441266122682588
1.039193339	0.8112012630493557
1.039452789	9.433511713868755
1.039712368	1.84556871213664
1.039972077	11.02360677467254
1.040231916	3.194900216376295
1.040491884	12.180304375697178
1.040751983	1.9858364603562002
1.041012211	12.485430642146138
1.04127257	2.597484911214372
1.041533059	12.046964962918057
1.041793679	0.8592601160679556
1.042054428	10.581349790418972
1.042315309	2.2486837548416307
1.04257632	9.900491411626865
1.042837462	4.7155142145525515
1.043098734	11.009294984046623
1.043360138	5.345900271702853
1.043621673	12.452467194253067
1.043883339	3.8511133653951863
1.044145136	13.305077455054263
1.044407064	6.2068827385194005
1.044669124	13.691969151649095
1.044931315	5.027336450533123
1.045193638	13.527661174715453
1.045456093	3.3279115241795933
1.04571868	12.543978501818277
1.045981398	6.904734411178551
1.046244249	12.151958158869387
1.046507232	7.884913909179225
1.046770347	12.902196154515403
1.047033594	6.871243517272305
1.047296974	13.988961562930625
1.047560486	8.678281749901686
1.047824131	16.451848291115912
1.048087909	9.263480250537084
1.048351819	16.13295741697785
1.048615863	7.712642118136677
1.048880039	16.020313032167362
1.049144349	7.942428336653584
1.049408792	15.711001530937917
1.049673368	10.245914985651186
1.049938078	15.316250122126917
1.050202921	8.943044684697076
1.050467898	15.935865242100947
1.050733008	12.336402347934094
1.050998253	16.850883772720337
1.051263631	12.81162465970023
1.051529144	17.98843952497433
1.05179479	12.196920152568513
1.052060571	18.13891794688225
1.052326486	11.188561461093672
1.052592536	18.42922570074422
1.05285872	12.783274567849691
1.053125039	18.657803242505516
1.053391493	13.770328373787276
1.053658081	18.411282623675227
1.053924805	15.107983678858682
1.054191663	19.54504234770148
1.054458657	15.406928425593717
1.054725786	19.62715901241436
1.05499305	13.082995616164492
1.05526045	20.518335545927282
1.055527986	13.818514866881133
1.055795657	21.328686330174502
1.056063464	16.221116616829736
1.056331407	21.42951613202137
1.056599486	17.02682751595211
1.056867701	21.842699546383137
1.057136052	16.532596663176328
1.057404539	23.041927633226774
1.057673163	17.833665263990714
1.057941923	22.79386041891591
1.05821082	19.61598119156138
1.058479854	24.0071523256751
1.058749025	19.379913292051018
1.059018332	24.393885766310813
1.059287777	19.63754780527555
1.059557358	25.183686199438608
1.059827077	20.586847476221266
1.060096934	26.177411590860725
1.060366927	21.86894263528123
1.060637059	27.18599523349724
1.060907328	22.673708110276007
1.061177734	27.322378533396883
1.061448279	22.60375965198694
1.061718962	27.92916459272023
1.061989782	22.537916880177992
1.062260741	28.61151611917914
1.062531838	23.812977845624033
1.062803074	29.009223796444775
1.063074448	25.45806433710805
1.063345961	29.256077831919992
1.063617612	26.469410762827472
1.063889403	30.109283393913326
1.064161332	27.22489764878312
1.0644334	31.54518693149341
1.064705608	27.654457635370925
1.064977954	31.94271764027732
1.06525044	28.269175598031058
1.065523066	33.22052690939618
1.065795831	28.5382176045883
1.066068736	33.8547141589935
1.06634178	29.137915206708094
1.066614965	34.508265702174576
1.066888289	30.807533988076145
1.067161754	34.87417133459514
1.067435359	32.5736553273617
1.067709104	36.503143498068845
1.06798299	32.67803308194089
1.068257016	37.806903948717384
1.068531183	32.89735968414447
1.06880549	38.86967195544513
1.069079939	35.445838639405494
1.069354528	39.71323667101898
1.069629259	35.28860348880846
1.06990413	40.161883975089964
1.070179143	35.08059061877762
1.070454298	41.17913081341339
1.070729594	37.2898077435191
1.071005031	41.69420997439481
1.071280611	39.52737230386045
1.071556332	43.04377060351143
1.071832195	40.44990590293438
1.0721082	44.542574769264405
1.072384348	41.83534753940345
1.072660638	45.97590550584716
1.07293707	41.74444268072884
1.073213644	47.10341268828223
1.073490362	42.83523245216346
1.073767222	47.96196684908682
1.074044225	43.581302125038334
1.07432137	48.93021069898832
1.074598659	45.043848264683476
1.074876091	49.56908124579165
1.075153667	47.60037764778109
1.075431385	51.232667509775666
1.075709248	48.64665280362014
1.075987254	52.93610529041465
1.076265403	50.291290174580645
1.076543697	55.30793930346036
1.076822134	50.87619701126787
1.077100715	56.05114792099577
1.077379441	51.754182520879645
1.077658311	57.0687658753084
1.077937325	53.9768067129831
1.078216484	57.87537739694187
1.078495788	56.04799974583236
1.078775236	58.86811478488277
1.079054829	56.09544146929371
1.079334567	59.876805775205014
1.07961445	56.82024655572238
1.079894479	61.81687644780648
1.080174652	58.73474252121162
1.080454971	63.101813606254964
1.080735436	60.44072790843382
1.081016046	64.15226157063411
1.081296802	61.060459293193084
1.081577704	65.48669292036442
1.081858752	62.77969360000984
1.082139946	66.5987196450528
1.082421286	63.3488755406871
1.082702772	67.31867896085282
1.082984405	64.35271076660185
1.083266185	69.12183966836602
1.083548111	66.43011537971093
1.083830184	70.4300472580612
1.084112403	68.57648525742819
1.08439477	71.97862214687217
1.084677284	69.61984292291943
1.084959945	73.27410844078463
1.085242754	69.89184231352678
1.08552571	74.0265360484554
1.085808814	71.25758859522469
1.086092065	75.64900100875839
1.086375464	72.41659181667765
1.086659011	76.84053676017413
1.086942706	74.03735354667221
1.08722655	78.7270500112701
1.087510541	77.11301806291802
1.087794681	80.8876335319417
1.08807897	77.60606714081604
1.088363407	81.76868370952202
1.088647993	79.48735807112001
1.088932727	81.96744521135611
1.089217611	79.99499474262205
1.089502644	84.06749868451595
1.089787826	81.73250573792716
1.090073157	86.06486911659309
1.090358638	83.8705960898143
1.090644269	87.36441656276553
1.090930049	83.83705810895066
1.091215979	88.17713695392735
1.091502058	84.89866868005015
1.091788288	88.74685816167923
1.092074668	86.1568303831611
1.092361199	89.5070201575684
1.092647879	88.04371092072104
1.09293471	92.1061958820271
1.093221692	90.98466519299357
1.093508825	95.05281366416665
1.093796108	94.5626335958171
1.094083543	97.24134850723104
1.094371128	94.90754499535139
1.094658865	98.87094894713503
1.094946753	95.1985682193057
1.095234793	100.18696057392593
1.095522984	97.46061803427583
1.095811327	101.96033843475215
1.096099821	98.93081793635618
1.096388468	102.33560179611533
1.096677267	100.70247305325819
1.096966218	103.71714739298254
1.097255321	102.52577867247439
1.097544577	105.84968765915124
1.097833985	103.61563472904271
1.098123546	108.04262536898506
1.098413259	105.86798045570607
1.098703126	110.70663727517582
1.098993145	108.08341921085544
1.099283318	112.56054385149433
1.099573644	109.52964830241284
1.099864123	114.01794542671466
1.100154756	111.93120017556166
1.100445543	116.09314847311879
1.100736483	113.56735959516537
1.101027577	117.36726995541703
1.101318825	115.67822800403106
1.101610228	119.80915131290824
1.101901784	117.6744970527451
1.102193495	122.794408241203
1.10248536	120.29840426679048
1.10277738	125.11118456141841
1.103069555	121.98957014282989
1.103361885	127.20768885931807
1.103654369	124.4823710866949
1.103947009	128.9333219722833
1.104239804	126.36419888579087
1.104532754	130.87128952725894
1.10482586	128.82994246646547
1.105119122	134.46319779350856
1.105412539	131.88046400381228
1.105706112	137.31825496060466
1.105999841	136.36342224265428
1.106293726	140.32349189349657
1.106587767	137.40456409039095
1.106881964	141.39473773388667
1.107176318	138.57481608602782
1.107470829	143.94887259115904
1.107765497	141.5264168723238
1.108060321	146.36441794375415
1.108355302	145.13070917171532
1.10865044	148.66741811965022
1.108945736	147.12087234722853
1.109241189	150.44967028091597
1.109536799	149.33411194583513
1.109832567	152.86622225394282
1.110128493	150.65978802237274
1.110424576	156.6445389865755
1.110720818	153.98048340452146
1.111017217	158.893634686918
1.111313775	157.88091336920027
1.111610491	160.08635363967358
1.111907366	160.7915438514298
1.112204399	162.9680125765607
1.112501591	161.8672286128017
1.112798942	165.95965788602902
1.113096452	164.57799864959154
1.113394121	169.22762230258786
1.11369195	168.29262966373088
1.113989937	172.5807943996298
1.114288084	171.38670283057974
1.114586391	175.65767019461185
1.114884858	172.99534815794416
1.115183484	177.9500153902491
1.115482271	177.75766078333015
1.115781217	180.02779500568622
1.116080324	180.01883405556376
1.116379592	182.95187411518458
1.116679019	183.4794657149735
1.116978608	187.45670861723363
1.117278357	187.1765761134735
1.117578268	190.54612412271064
1.117878339	190.52032001666103
1.118178571	193.5194823989948
1.118478965	193.28726936323272
1.11877952	197.3182855639663
1.119080237	195.19551251211567
1.119381116	201.17206692311265
1.119682156	200.2915788679188
1.119983358	203.84572958811682
1.120284723	204.93955673015043
1.120586249	207.61084005429427
1.120887938	207.1578323177237
1.12118979	210.91878927567907
1.121491804	209.66072992914036
1.12179398	213.83416346344035
1.12209632	213.73875662013967
1.122398823	217.95826701382137
1.122701489	216.85248916178352
1.123004318	221.90141136902122
1.12330731	220.89561956997798
1.123610467	224.76921286048275
1.123913786	225.1456179528799
1.12421727	228.5910742945534
1.124520917	228.27458512694753
1.124824729	231.61464064829076
1.125128705	231.82637963061737
1.125432845	236.65108608568826
1.12573715	235.96413720462127
1.126041619	239.90214526666196
1.126346253	238.88711569088488
1.126651052	241.69131693851543
1.126956015	241.39015604247462
1.127261144	246.1178995320238
1.127566439	246.67712557331848
1.127871898	250.8786168593973
1.128177523	251.01047451664823
1.128483314	254.55460989333608
1.128789271	254.51109816754445
1.129095394	257.6533018762964
1.129401682	256.5344761297727
1.129708137	263.3879600122394
1.130014759	260.08252645336376
1.130321546	265.4419317023679
1.130628501	264.33712567447736
1.130935622	267.11518124383497
1.13124291	267.9158189996491
1.131550365	271.7499559038703
1.131857987	271.6735908171759
1.132165777	275.10416334612864
1.132473734	275.17739899214735
1.132781859	278.45152412326604
1.133090151	278.6863833742091
1.133398611	283.42846912554677
1.133707239	281.34893679211524
1.134016036	284.90651414311833
1.134325	283.56990682448287
1.134634133	288.276068452459
1.134943434	285.893935004812
1.135252905	289.9860366991576
1.135562544	290.0072745590209
1.135872352	292.81112402414817
1.136182329	291.83702978327614
1.136492475	295.709664586693
1.13680279	294.311815968672
1.137113276	298.78657137723707
1.13742393	297.60174738031316
1.137734755	300.18349190211643
1.138045749	296.1025509877274
1.138356914	301.89552019036006
1.138668249	300.23055129751566
1.138979754	304.6914788426171
1.139291429	305.7944962104532
1.139603276	305.1379649020955
1.139915293	303.4255222066252
1.14022748	307.15803980524345
1.140539839	305.79246870089185
1.140852369	310.0677530428019
1.141165071	307.4685543845539
1.141477944	311.32350172917495
1.141790988	308.7117532043804
1.142104204	311.2138267057105
1.142417593	310.5258216012433
1.142731153	311.30528066163396
1.143044885	310.31344040433805
1.14335879	313.61822448578954
1.143672867	311.7090150374317
1.143987117	313.9083089683256
1.144301539	312.6128176619296
1.144616134	313.94636918223495
1.144930903	312.121230869074
1.145245844	316.52974927275477
1.145560959	313.83026568830627
1.145876248	316.38294934306276
1.146191709	312.98492909154197
1.146507345	314.99403796155707
1.146823155	312.14548549379737
1.147139138	316.2305483732787
1.147455296	313.0925051037341
1.147771628	314.9694353357543
1.148088134	312.57268029132575
1.148404816	313.70612488907057
1.148721671	312.5418851178891
1.149038702	315.2926378852354
1.149355908	311.49430770109564
1.149673289	314.4630974041733
1.149990845	309.37304889463536
1.150308577	313.0121999672356
1.150626485	310.6010355620748
1.150944568	311.7478328824022
1.151262827	309.28360704376627
1.151581262	311.1820596801659
1.151899873	306.28662093799676
1.152218661	308.66479919456106
1.152537625	306.2636021854945
1.152856766	307.1522608462217
1.153176084	305.69371745794336
1.153495578	306.2317457208038
1.15381525	304.1890396212637
1.154135099	304.8436759905519
1.154455125	302.1813408557933
1.154775329	303.11667020980326
1.155095711	298.59701818024007
1.15541627	302.060138104182
1.155737007	298.1553947155331
1.156057923	299.26257231036533
1.156379016	296.9413757845597
1.156700288	299.53773582624706
1.157021739	296.5381828819391
1.157343368	299.6500280546617
1.157665177	297.00195554101805
1.157987164	297.78105981484936
1.15830933	294.901461766064
1.158631676	294.847686801322
1.158954201	291.66200941426507
1.159276906	294.13546043923935
1.15959979	291.8990523333539
1.159922855	292.3746732671599
1.160246099	288.63899132026927
1.160569524	290.6529791325101
1.160893129	287.52070143820475
1.161216915	289.72968344180157
1.161540881	286.43688220984455
1.161865028	288.40434163191225
1.162189356	284.082905984203
1.162513865	287.4083600515328
1.162838556	284.7851104745855
1.163163428	286.1556010722097
1.163488481	282.0621200811781
1.163813716	285.03486041095186
1.164139133	280.8900617731562
1.164464732	282.7383650896485
1.164790514	279.691927161201
1.165116477	280.4036838782991
1.165442623	278.51136945185004
1.165768952	280.6215599283916
1.166095464	278.50195091860735
1.166422158	280.63588350923413
1.166749036	276.7213143652405
1.167076097	279.3476944657993
1.167403341	274.9583497102735
1.167730769	277.6042209655775
1.16805838	274.4692483047111
1.168386176	276.61195122108893
1.168714155	273.1588214164405
1.169042319	275.86201130152557
1.169370667	272.82686531826283
1.169699199	274.5967946677181
1.170027916	272.2131819856349
1.170356818	273.767225226407
1.170685905	270.6057130132778
1.171015177	272.7302881780946
1.171344635	269.15791892356253
1.171674277	272.2904437001955
1.172004106	268.43885560492475
1.17233412	271.3296381752889
1.17266432	269.2840372318879
1.172994706	270.28720084925015
1.173325278	267.82094388831194
1.173656037	268.8422812883979
1.173986982	265.88092036930385
1.174318114	267.32413275436784
1.174649433	264.554591041371
1.174980938	266.83959012172795
1.175312631	263.5225280244618
1.175644511	266.97726897247486
1.175976579	262.3463806151512
1.176308834	265.450174917823
1.176641278	262.0411069535231
1.176973909	262.79804245651246
1.177306728	260.19000884585074
1.177639735	261.98961271220327
1.177972931	258.838962517358
1.178306316	261.62541008107354
1.178559554	259.84661451086396
1.178894256	257.419527005055
1.179229149	258.1491330347625
1.179564232	255.48862100295955
1.179899506	256.36481069256877
1.18023497	253.9714672326627
1.180570625	255.37498821757794
1.180906471	252.47390287758122
1.181242508	253.27290122010214
1.181578736	250.34419050549565
1.181915156	251.22564917159713
1.182251767	248.50753341824114
1.182588571	250.18409943819114
1.182925566	247.32783182364653
1.183262753	248.03475051133597
1.183600133	245.00799685240563
1.183937705	246.4178002695457
1.184275469	243.823160953171
1.184613427	244.32223982713884
1.184951577	240.97459367277764
1.185289921	242.25502694436202
1.185628457	240.23592547616244
1.185967188	240.32175962655427
1.186306111	237.43074055148438
1.186645229	239.00924034681907
1.186984541	235.83908670183456
1.187324046	236.0352849982596
1.187663746	233.92466912362383
1.18800364	234.47302563905384
1.188343729	233.1923037375596
1.188684013	232.0070069797442
1.189024492	230.42071144383107
1.189365165	231.21688423537034
1.189706034	228.93893614954038
1.190047099	229.8065415425506
1.190388359	227.83347290518432
1.190729815	227.4642987507771
1.191071466	225.4081313894741
1.191413314	225.62388211770906
1.191755358	223.72972351471265
1.192097599	224.2512862376295
1.192440036	222.9870982734108
1.19278267	223.53781101613305
1.193125501	220.3266639989392
1.193468529	221.1116105468501
1.193811755	219.05620240578477
1.194155178	218.54051295008009
1.194498798	216.9027402402245
1.194842617	217.32610566183146
1.195186633	214.94946705484622
1.195530847	216.64084861250709
1.19587526	213.56055711476915
1.196219872	215.4782917363238
1.196564682	212.16779266326773
1.19690969	213.67673887606105
1.197254898	211.60769874072062
1.197600305	212.86598217995777
1.197945912	211.3450336098313
1.198291717	212.37767128066145
1.198637723	209.37526306197188
1.198983929	211.93009898938362
1.199330334	208.4314804489051
1.19967694	211.5259652954478
1.200023746	207.5936414560377
1.200370753	210.60836152089712
1.20071796	207.10368842906604
1.201065368	208.71259381777352
1.201412978	205.52456711705398
1.201760789	208.11606090922663
1.202108801	206.0101832617507
1.202457015	207.1491007405514
1.20280543	205.09818758153045
1.203154048	206.17001213372183
1.203502867	205.44237184555362
1.203851889	205.94895497398983
1.204201114	204.67328182032725
1.204550541	207.18608548391546
1.204900171	204.52635236012213
1.205250004	206.0632804126155
1.20560004	203.67962699839882
1.20595028	204.89064002327888
1.206300723	203.94097271856234
1.20665137	204.36840145946587
1.207002221	202.44438737467732
1.207353276	204.27578399054389
1.207704535	203.37669452553297
1.208055999	203.06799245054427
1.208407667	201.93259241480885
1.20875954	201.7715848199047
1.209111618	200.1813805274445
1.209463901	201.0835324688136
1.20981639	200.25768179967952
1.210169084	199.83128822865456
1.210521984	199.70039855276326
1.210875089	198.700299479346
1.211228401	198.7564076954758
1.211581919	198.02937535414995
1.211935643	197.6976617183633
1.212289574	197.92491829954088
1.212643712	196.9057804813751
1.212998057	196.2907557451787
1.213352609	195.88265288646326
1.213707368	195.39584396331094
1.214062334	194.15558704151903
1.214417509	193.18821594098574
1.214772891	193.5409332692058
1.215128481	192.82952377172688
1.21548428	192.1561756183055
1.215840287	191.67417445759645
1.216196502	191.57533731330633
1.216552927	190.7093824277083
1.21690956	189.73958367153094
1.217266403	190.3403900526343
1.217623454	188.67076269998117
1.217980716	188.25815680356155
1.218338187	187.284212398687
1.218695868	186.38470617460703
1.219053759	185.9950461090661
1.21941186	185.1096313523175
1.219770172	184.69208664309042
1.220128694	183.4718208152067
1.220487428	183.68102177503806
1.220846372	182.72734091939992
1.221205527	182.09353880123572
1.221564894	180.86994210647035
1.221924472	180.32109653764647
1.222284262	179.4767968032862
1.222644264	178.45302472661038
1.223004479	178.42475173862024
1.223364905	177.47683118650414
1.223725544	177.1768133925223
1.224086396	175.73011964785647
1.22444746	175.41125401447272
1.224808738	173.9997049843744
1.225170229	173.19679751774933
1.225531933	174.0498722033265
1.225893851	171.752944077913
1.226255983	171.98464414280122
1.226618329	170.68084908434102
1.226980889	170.63923464387818
1.227343663	170.26928570255473
1.227706652	169.21041157910363
1.228069856	169.39463009569718
1.228433274	168.84319045938395
1.228796908	168.05395425685373
1.229160757	167.37917330377755
1.229524822	167.36971415478612
1.229889103	166.30911404921662
1.230253599	166.14431570653917
1.230618312	165.51110199005345
1.23098324	165.02606323918513
1.231348386	163.81135181444657
1.231713748	163.93843942054545
1.232079326	163.387225038931
1.232445122	163.27000520851968
1.232811136	162.3687434700963
1.233177366	161.83422945477767
1.233543815	161.71371963558082
1.233910481	161.16163170202807
1.234277365	161.2889143405502
1.234644468	161.22914325666673
1.235011788	160.56649423347434
1.235379328	159.85460047449249
1.235747086	159.60970584280454
1.236115064	159.78174537224825
1.23648326	159.3909395463844
1.236851676	158.6859460152056
1.237220312	157.80724060012002
1.237589167	157.69465260087472
1.237958243	157.6058530205266
1.238327538	157.3445263314668
1.238697054	156.99529106632122
1.239066791	156.06874397175193
1.239436748	156.35557947664708
1.239806927	154.99499558160838
1.240177326	155.36642368620207
1.240547947	154.74955814439485
1.24091879	153.53775988465893
1.241289854	154.4144129599623
1.24166114	153.5441356998691
1.242032649	153.13414764650196
1.24240438	152.40634535022568
1.242776333	151.7397433952008
1.243148509	150.97756798162797
1.243520909	151.06653636840565
1.243893531	150.6961722280387
1.244266377	149.4184052882615
1.244639446	149.33027753970188
1.245012739	148.72221527205673
1.245386256	147.50353170354552
1.245759998	147.57632280737016
1.246133963	146.5227236878276
1.246508154	146.769191229087
1.246882569	145.78825460902527
1.247257209	144.53045867636504
1.247632074	143.68877098054858
1.248007165	142.2517020709001
1.248382481	141.91328474406373
1.248758023	140.5760098455256
1.249133791	140.63056184333493
1.249509785	139.81826046310024
1.249886006	139.08486414540877
1.250262453	138.63836163479567
1.250639127	137.7803706550466
1.251016029	137.40570885094348
1.251393157	136.48045447503287
1.251770513	136.34160500596525
1.252148096	134.32749874675267
1.252525908	134.72832674396022
1.252903947	133.42723406177782
1.253282215	132.8387449715693
1.253660711	131.92789806952987
1.254039436	131.03792096004165
1.25441839	131.01487774012801
1.254797573	129.430357391436
1.255176985	129.6185264377826
1.255556627	128.37645937233324
1.255936498	128.48809818293375
1.256316599	127.2923623700904
1.256696931	126.77474716086884
1.257077493	125.98504162953357
1.257458285	125.16851757192376
1.257839308	124.68422051231639
1.258220562	124.13348989315921
1.258602048	123.85078373679072
1.258983764	123.46977352254099
1.259365713	122.29538252461481
1.259747893	122.16449365678851
1.260130305	121.94907589470657
1.260512949	120.99328991025041
1.260895826	120.75270292895875
1.261278936	119.96622054439585
1.261662278	119.98183097891204
1.262045854	119.46236117472742
1.262429663	119.31036310284041
1.262813705	119.022994679406
1.263197981	118.3802487052307
1.263582491	118.38436118146606
1.263967235	117.88719152593013
1.264352214	117.4458031195857
1.264737427	117.73862403303397
1.265122875	117.29836564141866
1.265508558	117.50557828278224
1.265894476	116.38358578353375
1.26628063	116.40179645545344
1.266667019	115.93825811201155
1.267053644	116.02173606461658
1.267440505	115.75641945321745
1.267827603	115.20365310063433
1.268214937	115.29070556243514
1.268602508	115.18515051303858
1.268990315	115.209853185372
1.26937836	114.93838106209128
1.269766643	114.70013092803785
1.270155163	114.41463961710542
1.27054392	113.7498435169087
1.270932916	114.32010727756702
1.27132215	113.34712489533877
1.271711623	113.83408609693872
1.272101334	113.34225795906721
1.272491284	113.17921338275946
1.272881474	113.63478249373856
1.273271902	112.10636590876658
1.273662571	112.75885478826343
1.274053479	112.22314504997684
1.274444627	112.07921347513606
1.274836015	112.1026810794179
1.275227644	111.74753087895613
1.275619514	111.41377458168655
1.276011624	110.66335688092715
1.276403976	111.10267425569063
1.276796569	109.94150926299828
1.277189403	109.79772002877553
1.277582479	109.06517764267274
1.277975798	108.57924530423017
1.278369358	109.04256132006203
1.278763161	107.89448878715453
1.279157207	108.3529197367332
1.279551496	106.79956316541788
1.279946028	107.44431173569225
1.280340803	106.7716407935989
1.280735822	105.98071463914532
1.281131084	105.55795343451095
1.281526591	104.46450097014255
1.281922342	104.7393359573004
1.282318337	103.34837931275636
1.282714578	103.4860895672621
1.283111063	102.2200529274304
1.283507793	101.67238475247694
1.283904769	102.09926703626729
1.28430199	100.24867136883529
1.284699457	100.75525777231108
1.285097171	99.3674743030354
1.28549513	99.51893999331907
1.285893337	99.21127408674505
1.28629179	98.48540201242713
1.286690489	98.6089584139013
1.287089437	97.44319921668576
1.287488631	97.06742738059494
1.287888074	96.27459492339939
1.288287764	95.60202277332871
1.288687703	95.15204569407973
1.289087889	94.59824337372744
1.289488325	94.68981924427997
1.289889009	93.53059981427278
1.290289943	93.82644230137245
1.290691126	92.79377969536475
1.291092558	92.39662752164526
1.29149424	92.34512450772313
1.291896172	91.49249511091867
1.292298354	91.53206388654884
1.292700787	90.37258549069632
1.293103471	90.49931985986294
1.293506405	90.4066444964373
1.293909591	89.90640169028848
1.294313028	89.42640100428346
1.294716717	89.36151162536034
1.295120658	89.0519230934588
1.295524851	88.72675804106976
1.295929296	88.16991575447851
1.296333994	88.12427191852835
1.296738944	87.61416795649605
1.297144148	87.41492021884721
1.297549605	86.74976241173854
1.297955316	86.95533571732169
1.29836128	86.540509547696
1.298767498	86.28006651390841
1.299173971	86.43068559514364
1.299580698	85.75558472666435
1.29998768	85.25288809979207
1.300394917	85.68699545400361
1.300802409	84.94643658762777
1.301210157	85.19815214349478
1.30161816	84.33921201974678
1.302026419	84.70480899895121
1.302434935	83.44292380878821
1.302843707	83.53652738228746
1.303252735	84.21724065162408
1.30366202	82.74231006926784
1.304071563	83.61525881694789
1.304481363	82.15245817009033
1.304891421	82.45022122799048
1.305301736	81.8038927508394
1.30571231	81.43278291178648
1.306123142	81.7241674258991
1.306534232	80.2277629689358
1.306945582	80.78413920537092
1.30735719	79.76685812702605
1.307769058	80.15674497721582
1.308181186	79.02824402516201
1.308593573	78.9637102686289
1.30900622	78.98590637703677
1.309419128	78.03765439111638
1.309832297	78.8699055138758
1.310245726	77.38988778332738
1.310659416	77.88504878193672
1.311073367	77.0254103669957
1.31148758	77.10791002071123
1.311902055	76.80728993846111
1.312316792	75.41392829598824
1.312731792	75.4107347262505
1.313147053	73.35648802822574
1.313562578	73.70690976788569
1.313978366	72.90143902955377
1.314394417	72.36995004051398
1.314810731	72.64597036434324
1.315227309	71.67129248136168
1.315644152	71.65043487205767
1.316061259	70.88470034923314
1.31647863	71.05487685513566
1.316896266	70.20029519565124
1.317314167	69.17521606413928
1.317732334	69.73337504942937
1.318150766	67.59736476415137
1.318569463	68.03990457194742
1.318988427	66.71085729451693
1.319407658	66.04396573444848
1.319827154	65.39326700376243
1.320246918	64.89032492415451
1.320666949	64.89722626190574
1.321087247	63.845937213949696
1.321507813	64.5079019991596
1.321928646	63.29688413989879
1.322349748	63.02402292906972
1.322771118	63.186003276167625
1.323192757	62.16974023928453
1.323614664	62.600872125281754
1.324036841	61.519309871306746
1.324459287	61.493088888971
1.324882003	60.36344261719051
1.325304988	60.26899637160726
1.325728244	59.98209781394982
1.326151771	59.67969264080688
1.326575568	59.49590502687937
1.326999635	58.95546627773044
1.327423975	59.38456620702799
1.327848585	59.05507226890851
1.328273468	59.27235908840358
1.328698622	59.01452959794412
1.329124048	58.74940025006544
1.329549748	58.803948844870696
1.329975719	57.76192102442458
1.330401964	57.86705641787137
1.330828483	57.38882028153632
1.331255274	57.36926616270825
1.33168234	57.60103441565794
1.33210968	57.172422277370316
1.332537294	57.47608180158751
1.332965182	57.27068169419991
1.333393346	57.37786585974507
1.333821785	57.6490960742456
1.334250499	57.3867303298588
1.334679489	57.00539009457015
1.335108754	56.560900164584744
1.335538296	57.127947093746904
1.335968115	56.77585063132862
1.33639821	56.80880238566608
1.336828582	56.288279788538276
1.337259232	56.64092602772399
1.337690159	56.690958511055726
1.338121364	56.53769499003617
1.338552847	56.077533052609844
1.338984608	56.48060596920896
1.339416648	55.74099404200001
1.339848967	55.697131094154074
1.340281565	55.428010816588035
1.340714442	55.378264779534305
1.341147599	55.294733010773705
1.341581037	54.80373728383125
1.342014754	55.17006203362435
1.342448752	54.445691362321156
1.342883031	54.76902278100933
1.34331759	54.445679067799524
1.343752431	54.27385052826696
1.344187554	54.31362431076453
1.344622959	53.557414653912204
1.345058646	53.64523179278419
1.345494615	52.78039307740027
1.345930867	53.00666947894831
1.346367402	52.44161639321166
1.34680422	52.24928538536538
1.347241321	51.97536206964481
1.347678707	51.171413251261164
1.348116377	52.14033038803343
1.34855433	50.98352919055124
1.348992569	51.446644682856615
1.349431093	50.736771178190274
1.349869901	50.0867288395437
1.350308996	50.39149390546187
1.350748375	49.161676025013676
1.351188041	49.35584304079199
1.351627994	48.60738663205726
1.352068233	48.672696282936485
1.352508758	48.42067734807699
1.352949571	47.666360657175645
1.353390672	48.63373672232305
1.35383206	47.62329731932382
1.354273736	48.16983504279681
1.3547157	47.907945484739436
1.355157953	47.42391851028401
1.355600495	47.345244138201124
1.356043326	46.59243582661051
1.356486446	47.02213031857642
1.356929856	45.702854677821946
1.357373556	46.244554611607214
1.357817546	45.461415915648736
1.358261827	45.22217344136536
1.358706399	45.79960137145207
1.359151262	44.581385747528095
1.359596416	45.63542091842101
1.360041862	44.78271511536466
1.360487599	45.24748910484806
1.360933629	44.997808083574114
1.361379952	44.281156177756934
1.361826568	45.51854439835264
1.362273476	43.79083270921163
1.362720678	44.41206527981261
1.363168174	43.862209348027775
1.363615964	43.955851242480406
1.364064048	43.88853157807514
1.364512426	43.500337161846154
1.3649611	44.351778745400196
1.365410068	42.945628500414244
1.365859333	44.54167830379362
1.366308892	43.65693825917217
1.366758748	43.744387524214815
1.3672089	44.05745380001394
1.367659349	43.32927383270364
1.368110095	43.92281529681538
1.368561138	42.65358266151745
1.369012478	43.5155715234335
1.369464117	42.483190337105825
1.369916053	43.14988132051004
1.370368288	42.14958213551301
1.370820821	42.19877908576909
1.371273653	42.49511200270385
1.371726785	41.53982505984558
1.372180216	42.445727821475096
1.372633947	40.82321991988023
1.373087978	41.30688711794816
1.37354231	42.076860311717134
1.373996943	40.32801252878995
1.374451876	40.76503467268045
1.374907111	38.75272152375051
1.375362648	40.27030069127868
1.375818486	38.71420113292765
1.376274627	39.019848552587426
1.37673107	37.44918670668574
1.377187816	37.8738386098274
1.377644866	37.63580707458261
1.378102218	37.27479265549216
1.378559875	36.88769894837915
1.379017836	37.6374537247192
1.379476101	35.78725931344151
1.37993467	37.03053980859353
1.380393545	35.24112729152375
1.380852725	36.46675143664585
1.38131221	34.633518315588
1.381772002	36.14797010129746
1.382232099	34.01661094421352
1.382692504	35.6915541711243
1.383153214	34.220729106956995
1.383614233	35.71560187183003
1.384075558	34.35418229534492
1.384537191	35.168118377898885
1.384999132	33.243898843045564
1.385461382	35.21201460193334
1.38592394	33.13234766677406
1.386386808	35.04558014012065
1.386849984	32.33486700274415
1.38731347	35.26679492189046
1.387777266	32.46893073674122
1.388241372	35.18316693418749
1.388705789	32.37154225380817
1.389170517	33.617792678646644
1.389635555	31.19097286323082
1.390100906	33.451369880402645
1.390566568	31.502613058775438
1.391032542	34.58756088417749
1.391498828	30.873759745423556
1.391965427	32.20338629684452
1.392432339	30.39426848242047
1.392899565	33.266192893412644
1.393367104	30.76536446470214
1.393834957	32.710619231606636
1.394303124	30.975358507123797
1.394771606	32.78812465424562
1.395240403	31.327053732200124
1.395709516	28.101837785437912
1.396178943	30.74169125986756
1.396648687	32.60120521305056
1.397118747	28.323683385148765
1.397589123	37.464401801569224
1.398059816	28.317230684565907
1.398530827	31.619796694055072
1.399002154	29.17784999589435
1.3994738	30.60192196694254
1.399945764	28.286097379030142
1.400418046	30.03593101837116
1.400890647	28.221146780763814
1.401363567	29.918049425965396
1.401836806	29.427888196521014
1.402310365	30.182411677853747
1.402784244	27.65905409867618
1.403258444	30.934226778288405
1.403732964	26.247423082933462
1.404207806	31.345937218289116
1.404682968	25.126495218604287
1.405158453	28.77389825806961
1.405634259	25.936668583719225
1.406110388	28.3514940153955
1.406586839	26.579040538059566
1.407063614	27.809744819838095
1.407540711	26.654987533831996
1.408018133	29.11698511569579
1.408495878	26.113542193434483
1.408973948	28.474362850334295
1.409452342	25.592140853272834
1.409931061	28.706879057452046
1.410410106	23.248988748444912
1.410889476	26.959417640642073
1.411369172	22.69347047885452
1.411849195	25.35463985202492
1.412329544	22.56729122101464
1.41281022	23.727037983739944
1.413291223	21.335036047893297
1.413772554	22.235901556009036
1.414254213	22.390386708989986
1.4147362	23.0674090894048
1.415218516	20.76140054882363
1.415701161	24.630329421599413
1.416184135	17.393586198734624
1.416667439	24.86659234004853
1.417151073	15.655125862454634
1.417635037	23.90024886426302
1.418119332	11.766538756882943
1.418603958	19.716980179183885
1.419088915	14.820674404986221
1.419574204	20.9827706443067
1.420059825	16.60720583763264
1.420545778	17.635740593596406
1.421032064	18.878805782126904
1.421518683	21.51012166416912
1.422005636	13.057659690224503
1.422492922	22.117909341879432
1.422980542	10.38073296875853
1.423468497	25.37137294668994
1.423956786	0.8613666984736802
1.42444541	23.07056760457704
1.42493437	7.595159822951464
1.425423666	18.446187858137375
1.425913298	3.7852253907106657
1.426403266	14.75500061106338
1.426893572	26.31722244535435
1.427384214	14.93811591754719
1.427875194	34.49183925751361
1.428366512	16.06507823260696
1.428858168	28.827336128522656
1.429350163	21.646865861845423
1.429842496	15.651623595511625
1.430335169	21.91411620141231
1.430828182	15.590349096446921
1.431321534	19.46690923366828
1.431815227	-2.7278637350298713
1.43230926	13.057458905159429
1.432803635	5.0635076390973355
1.433298351	8.359015894461931
1.433793409	51.17366545087773
1.434288808	9.828765540561056
1.434784551	56.253917796138005
1.435280636	10.184347345071998
1.435777064	62.14779656201862
1.436273836	19.89044935955404
1.436770951	0.5559472830557873
1.437268411	26.763378420434123
1.437766216	-4.686898397154742
1.438264365	21.909764961054353
1.43876286	-32.11717853462817
1.4392617	10.08237827563506
1.439760887	-27.540077700067567
1.440260419	1.5013861366652286
1.440760299	98.17627083608367
1.441260526	-4.778397537450655
1.4417611	99.9671009753735
1.442262022	13.30049830073168
1.442763292	71.76250172059451
1.443264911	15.59897198986825
1.443766878	16.01077518536139
1.444269195	30.596195601702686
1.444771862	-72.73856190905335
1.445274879	25.41414986883253
1.445778246	-6.405977785813679
1.446281963	6.820012979933523
1.446786032	-24.949229088891354
1.447290453	-4.248207287111744
1.447795225	84.329093655978
1.448300349	-16.285070503504965
1.448805826	231.66809860627205
1.449311656	3.180757506492878
1.44981784	88.78689648835463
1.450324377	43.29445124291614
1.450831268	-4.778611089056992
1.451338514	51.049062916340674
1.451846114	-38.05934774738006
1.452354069	28.633968420298572
1.452862381	-65.33159645978307
1.453371048	0.42963418141557025
1.453880071	-18.10932876952042
1.454389451	2.4723487196926386
1.454899188	100.6442696621269
1.455409283	-79.20798655400377
1.455919735	219.28212229111685
1.456430546	-32.59745659010526
1.456941715	4.058228415030666
1.457453243	51.66289568430665
1.45796513	28.35749104962531
1.458477377	118.09417094330172
1.458989984	-78.16733216555606
1.459502952	83.87896642635783
1.46001628	85.83984102105056
1.46052997	-10.087622947032818
1.461044021	
1.461558434	12.874709125847813
1.46207321	
1.462588348	-73.35931213767331
1.46310385	112.55090326415618
1.463619715	-136.99075115605348
1.464135943	42.093119670396305
1.464652537	73.14537423239136
1.465169494	-56.470971066580944
1.465686817	78.30993811386259
1.466204506	101.91679556937626
1.46672256	113.70187572755037
1.46724098	
1.467759767	49.96162189225978
1.468278921	
1.468798442	-24.02479949089316
1.469318331	
1.469838589	47.944625033705606
1.470359215	63.18365465899538
1.470880209	764.2607070154168
1.471401573	43.81212148468679
1.471923307	
1.472445411	49.47167768482192
1.472967886	25.195220600836752
1.473490731	97.40645622260585
1.474013948	97.54883258708364
1.474537536	19.2244961952918
1.475061497	149.69419206989
1.47558583	
1.476110536	-18.99896579802653
1.476635615	
1.477161068	-37.05466804660529
1.477686895	
1.478213097	-28.550374724999127
1.478739673	-67.20019988542393
1.479266625	-862.1673402374594
1.479793952	-141.13066149809262
1.480321656	-100.52517170057271
1.480849736	86.47830090448198
1.481378193	8.374026557395084
1.481907027	20.92774122005766
1.482436239	68.69903501500369
1.482965829	292.6443202596212
1.483495797	104.0021888995756
1.484026145	-297.29590930441503
1.484556871	183.27716669787696
1.485087978	-119.63330654408709
1.485619465	-140.57896069216096
1.486151332	-344.911423616966
1.48668358	-201.8660974598985
1.48721621	-115.9434234126606
1.487749221	-142.9854832587982
1.488282615	-27.75814976802559
1.488816391	107.55970860999585
1.48935055	
1.489885093	357.97333652529767
1.490420019	-33.98190523695112
1.49095533	9371.425344915142
1.491491025	-177.7335173255326
1.492027106	1035.8673129681129
1.492563572	-278.6688223921885
1.493100423	491.41343408759917
1.493637662	-291.306508583691
1.494175287	-270.2984155476718
1.494713299	138.18981303212715
1.495251699	-220.41803801424885
1.495790486	
1.496329662	17.461240608215043
1.496869227	
1.497409182	
1.497949526	
1.49849026	
1.499031384	
1.4995729	
1.500114807	-301.5605061574403
1.500657106	
1.501199796	-186.35077013384105
1.50174288	-389.18708550006863
1.502286357	213.03937626098846
1.502830227	-151.2478328265265
1.503374491	
1.50391915	-71.27949285770534
1.504464203	
1.505009651	244.80642753704362
1.505555496	
1.506101736	
1.506648373	
1.507195406	
1.507742838	-396.7026218186085
1.508290666	
1.508838894	-109.28487721475622
1.509387519	
1.509936544	800.3428456541661
1.510485969	-595.2962418756375
1.511035793	
1.511586018	-32.56731814216168
1.512136644	
1.512687671	440.3954669566795
1.5132391	
1.513790931	
1.514343164	
1.514895801	
1.515448841	-1223.6752298998206
1.516002285	
1.516556134	-201.78214005614515
1.517110387	
1.517665046	592.0407919617088
1.51822011	
1.518775581	3101.4489688851495
1.519331458	412.7357046735472
1.519887742	
1.520444433	967.9141062106671
1.521001533	
1.521559041	3055.220319972668
1.522116958	
1.522675284	
1.52323402	
1.523793166	-104.1631171778781
1.524352723	
1.52491269	
1.52547307	
1.526033861	-1348.6729843860023
1.526595065	
1.527156682	
1.527718712	-109.69593003389035
1.528281156	
1.528844014	-3790.5958627507052
1.529407287	
1.529970976	-3150.7289029882554
1.530535079	998.8621064831303
1.531099599	-440.9215041902554
1.531664536	
1.53222989	
1.532795661	-597.7711621810703
1.53336185	
1.533928458	-227.12022380853026
1.534495484	
1.53506293	
1.535630796	
1.536199082	
1.536767788	-565.3632573448473
1.537336916	
1.537906466	-45.83011799602503
1.538476438	
1.539046832	-288.9507087026578
1.53961765	-110.75505199820219
1.540188891	
1.540760556	-66.3697480434846
1.541332646	
1.541905161	-108.1907360028715
1.542478101	
1.543051467	-501.5984724803403
1.54362526	
1.544199479	
1.544774126	
1.545349201	
1.545924704	-1009.5384965071542
1.546500635	
1.547076997	-853.2977289144296
1.547653787	-614.115434839579
1.548231009	
