Date:	Monday, March 30, 2026, 5:39 PM
Measurement type:	Photoluminescence
Temperature: 	9.764 K
Integration time:	1.000 s
Excitation power:	4.938945 nW
Center wavelength	1078.132 nm / 1.150 eV
Dispersion window:	304.943 nm / 0.332 eV
Entrance slit width:	0.501 mm
Exit slit width:	0.000 mm
 	
Energy 	Powerspectrum 
(eV)	(Counts/1.000s)
Excitation power	5.25mW
	
1.007751232	19.584304605518515
1.007995217	-32.29999085607639
1.008239321	15.255123465279196
1.008483543	-23.192946741048637
1.008727883	12.922319949201084
1.008972341	-21.195565747068677
1.009216918	11.584952102951792
1.009461614	-19.131461795204963
1.009706428	17.074536468597813
1.009951361	-17.31246743484881
1.010196413	12.230475203323433
1.010441584	-34.27697223598825
1.010686874	12.449378938001574
1.010932283	-20.070232757457518
1.011177812	17.399882632740656
1.011423459	-19.261413962270435
1.011669226	10.444778665822307
1.011915113	-30.399924187399797
1.012161119	9.36491970822099
1.012407244	-16.725751748565774
1.01265349	12.424741481222526
1.012899855	-10.736671737112662
1.01314634	11.151995778960869
1.013392945	-24.293971745692215
1.01363967	10.031429996354614
1.013886515	-20.92499174406263
1.014133481	10.97434496912556
1.014380567	-19.052146480228554
1.014627773	7.9140479953961185
1.0148751	-18.38845270771438
1.015122548	8.167937235511463
1.015370116	-19.64584164205451
1.015617805	11.773255231796215
1.015865614	-13.67617602380769
1.016113545	7.140550763926475
1.016361597	-7.622550519322887
1.01660977	9.720255437247157
1.016858064	-8.564512129248007
1.01710648	9.163325911706266
1.017355017	-18.547253714202952
1.017603675	8.210446244897346
1.017852455	-15.56143416751479
1.018101357	5.6719093776035105
1.01835038	-13.497767404087242
1.018599525	9.397199331420559
1.018848793	-16.69621511481807
1.019098182	8.602427033501225
1.019347693	-11.021469937334011
1.019597327	8.286637417011978
1.019847083	-8.547722778659969
1.020096961	7.802227832543396
1.020346962	-19.044777777951218
1.020597085	8.56642551087488
1.020847331	-7.732883285256016
1.0210977	8.090506393754168
1.021348191	-13.749195343736032
1.021598806	6.592582577429772
1.021849543	-13.055968299373339
1.022100404	5.944043069020955
1.022351387	-9.858289297353718
1.022602495	8.423019335303486
1.022853725	-6.468099515935927
1.023105079	7.001519429796534
1.023356556	-6.852130080691808
1.023608158	8.519722405210455
1.023859883	-11.205349423511167
1.024111731	8.15591715983556
1.024363704	-9.988200629975179
1.024615801	6.350441472920991
1.024868022	-5.7133311234094055
1.025120367	6.556740254019428
1.025372836	-8.140291296618912
1.02562543	6.781935812782752
1.025878148	-4.711457756470641
1.026130991	7.557560043760648
1.026383958	-6.830649164205877
1.02663705	7.515702115338338
1.026890267	-8.194592386969632
1.027143609	8.060564075941967
1.027397076	-9.274737236362679
1.027650668	7.5570680895262825
1.027904386	-5.976431018018695
1.028158228	6.1783340091465195
1.028412196	-4.329451181833957
1.02866629	4.525759235385096
1.028920509	-3.8472961625611286
1.029174854	5.698300876078162
1.029429325	-3.2744433884145265
1.029683921	6.6231091286816826
1.029938643	-5.052206071516379
1.030193492	7.412191078308255
1.030448467	-5.6261890709890094
1.030703568	8.800870684389434
1.030958795	-4.184844529184849
1.031214148	6.964135642090364
1.031469629	-4.759535266369553
1.031725236	6.0527824543108295
1.031980969	-5.1582718070287115
1.032236829	6.023436134263212
1.032492817	-2.510553776992181
1.032748931	5.26480520202079
1.033005172	0.5433379014693319
1.033261541	6.924459820915581
1.033518037	-5.070837951481786
1.03377466	8.006211526367093
1.03403141	-4.620741127656897
1.034288289	7.966044293592051
1.034545294	-1.7140498103541366
1.034802428	7.1063269591855445
1.03505969	-1.1749147736122127
1.035317079	6.26603064959644
1.035574597	-2.8385739912712173
1.035832242	5.672342861338577
1.036090016	-0.20431984964816777
1.036347918	5.981646432825503
1.036605949	1.5451323028359363
1.036864108	6.845606912208042
1.037122396	0.027152829882049746
1.037380812	8.003979019609723
1.037639357	-3.499937616457818
1.037898032	8.521554874570118
1.038156835	-2.0313436860651453
1.038415767	7.807339228520174
1.038674828	0.7311499704535649
1.038934019	7.643018140267451
1.039193339	-0.17538998482811272
1.039452789	7.012097229950555
1.039712368	1.1031562881316646
1.039972077	7.943138686788209
1.040231916	2.3173577134788848
1.040491884	7.805747201731949
1.040751983	0.997741047137653
1.041012211	8.96357893280813
1.04127257	2.315413899709062
1.041533059	9.436012409480012
1.041793679	-0.027825414081937283
1.042054428	9.017466230891614
1.042315309	0.8610409777222003
1.04257632	8.202647790780924
1.042837462	2.7433269984395876
1.043098734	7.376421963529499
1.043360138	3.7257770489711053
1.043621673	8.790636440483512
1.043883339	2.5343257576204214
1.044145136	9.533832085009923
1.044407064	4.994687716362939
1.044669124	10.818288818630778
1.044931315	3.1001552713681146
1.045193638	11.121151555410517
1.045456093	2.193502308427044
1.04571868	10.655691048946414
1.045981398	4.804373092890918
1.046244249	9.606326953623343
1.046507232	5.335436714010863
1.046770347	10.186700643507152
1.047033594	5.171430698122994
1.047296974	10.441838201927364
1.047560486	6.565673095408125
1.047824131	11.939429038918927
1.048087909	7.531068907614418
1.048351819	12.752656180531254
1.048615863	5.752965457407406
1.048880039	12.854465319718928
1.049144349	5.9684501329076305
1.049408792	12.635552614242016
1.049673368	7.600042994170714
1.049938078	11.770028445516393
1.050202921	6.592684229568383
1.050467898	12.479665815922834
1.050733008	9.843898273507673
1.050998253	12.996506536099524
1.051263631	10.408949509618951
1.051529144	14.052892416703957
1.05179479	9.37656722260382
1.052060571	14.512026511433497
1.052326486	8.65501569873073
1.052592536	14.513893468249025
1.05285872	9.45174336317994
1.053125039	14.670953491308783
1.053391493	10.331843827119727
1.053658081	14.748090371142192
1.053924805	11.829258672762327
1.054191663	14.957982010408227
1.054458657	12.41825088232426
1.054725786	15.68499754096299
1.05499305	10.383872704250754
1.05526045	16.613268975149115
1.055527986	10.748729016799809
1.055795657	17.277567072271456
1.056063464	13.120793469553098
1.056331407	17.496777284854524
1.056599486	13.452682992036074
1.056867701	17.58443629832458
1.057136052	13.311896119878002
1.057404539	18.1643739263303
1.057673163	14.24072740322095
1.057941923	18.347981608662565
1.05821082	15.942732056261885
1.058479854	19.058644402406415
1.058749025	15.878485269807584
1.059018332	20.241283661086555
1.059287777	15.780533974628248
1.059557358	21.07051369153274
1.059827077	16.32360652688363
1.060096934	21.29410573597386
1.060366927	17.677749200520676
1.060637059	21.691417993749646
1.060907328	18.473276431804805
1.061177734	22.05843046466848
1.061448279	18.656538526387877
1.061718962	22.642341059793477
1.061989782	18.80008330027053
1.062260741	23.23233787067917
1.062531838	19.498152053274772
1.062803074	24.172198859734127
1.063074448	20.83515709005668
1.063345961	24.11063809064295
1.063617612	21.4221758807743
1.063889403	24.99171003578152
1.064161332	21.80212852568807
1.0644334	25.62382502879966
1.064705608	22.756731884990458
1.064977954	25.954655948843705
1.06525044	23.121210215741588
1.065523066	26.754318130959206
1.065795831	23.801239991500317
1.066068736	27.889369291901822
1.06634178	24.22497562830958
1.066614965	28.289430713100995
1.066888289	25.55554884550589
1.067161754	29.037561395725998
1.067435359	26.660127427176832
1.067709104	30.061115538064737
1.06798299	26.779674045784322
1.068257016	31.10006948720867
1.068531183	27.140429579847172
1.06880549	31.41592287671664
1.069079939	28.899241774821437
1.069354528	32.381333125657115
1.069629259	29.20729115100418
1.06990413	33.23118088318518
1.070179143	28.928242744059933
1.070454298	33.818181123238624
1.070729594	30.907280681553573
1.071005031	34.49433171053996
1.071280611	32.382609580013884
1.071556332	35.6947475912907
1.071832195	33.06770510137813
1.0721082	36.950884442875875
1.072384348	34.3339793878791
1.072660638	37.951750597186546
1.07293707	34.606923203004335
1.073213644	39.00677440728066
1.073490362	35.4644343169099
1.073767222	39.54394725096173
1.074044225	35.91240202942769
1.07432137	40.408338666313156
1.074598659	37.34918407888578
1.074876091	41.085218567038766
1.075153667	39.24464053664545
1.075431385	42.1611621555798
1.075709248	40.352015820737236
1.075987254	43.65497631977091
1.076265403	41.6121032249934
1.076543697	45.38192258342225
1.076822134	42.113704745077555
1.077100715	46.2451060335004
1.077379441	42.71791943434334
1.077658311	46.987488137985636
1.077937325	44.96095520586755
1.078216484	47.68972399787736
1.078495788	46.4409248792734
1.078775236	48.65856261187611
1.079054829	45.883537770805916
1.079334567	49.654273180638974
1.07961445	47.049953628692386
1.079894479	51.15057236127652
1.080174652	48.490847567814455
1.080454971	51.967109178565636
1.080735436	49.62819796942255
1.081016046	52.97720869665994
1.081296802	50.24684044002023
1.081577704	54.01984683934552
1.081858752	51.507380256452606
1.082139946	54.72164706427355
1.082421286	52.44404493983887
1.082702772	55.457241906423484
1.082984405	53.20339469157861
1.083266185	57.31675358863767
1.083548111	54.784295357522296
1.083830184	58.49235136882642
1.084112403	56.39821909463782
1.08439477	59.53989769840429
1.084677284	57.13709337711874
1.084959945	60.47405569772483
1.085242754	57.290971786798515
1.08552571	61.02384306307982
1.085808814	58.46582296026205
1.086092065	62.061643722920806
1.086375464	59.70501814183691
1.086659011	62.68863816533761
1.086942706	61.05385515118988
1.08722655	64.2580608846287
1.087510541	63.466141966802425
1.087794681	66.22178184459031
1.08807897	63.8439047010807
1.088363407	67.34914441259403
1.088647993	65.02402570310461
1.088932727	67.65666386921964
1.089217611	65.32471925349302
1.089502644	68.88268972444762
1.089787826	66.75009050156532
1.090073157	70.0364918760829
1.090358638	68.3917836162358
1.090644269	70.9970802796181
1.090930049	68.76734630176722
1.091215979	71.93680418978218
1.091502058	69.43821961513156
1.091788288	72.19097491476876
1.092074668	70.22940534234901
1.092361199	73.22841716616396
1.092647879	71.97329044114574
1.09293471	75.1886827029051
1.093221692	73.62234292843944
1.093508825	77.64746849792371
1.093796108	76.65471854439163
1.094083543	79.15520982367549
1.094371128	77.03417348020785
1.094658865	80.03287248634481
1.094946753	77.53765073573584
1.095234793	80.76389819349839
1.095522984	79.33250029977563
1.095811327	82.56016573695422
1.096099821	80.16829725059338
1.096388468	83.09846760442421
1.096677267	81.76702438793296
1.096966218	84.31652048430325
1.097255321	83.0027502320808
1.097544577	85.84606206891078
1.097833985	83.7151921150844
1.098123546	87.1973507010005
1.098413259	85.38695350563464
1.098703126	89.52281625362068
1.098993145	87.26321351292597
1.099283318	90.74083823303924
1.099573644	88.47030017028948
1.099864123	91.89325037692652
1.100154756	90.18165453647664
1.100445543	93.04004142423693
1.100736483	91.63982495366751
1.101027577	94.6368323254343
1.101318825	93.29344494458016
1.101610228	96.41081116194947
1.101901784	94.49482109745944
1.102193495	98.69270048000534
1.10248536	96.38157571556366
1.10277738	100.73631935641941
1.103069555	97.79924870134404
1.103361885	102.01985234428794
1.103654369	99.47291389374845
1.103947009	103.43027221110272
1.104239804	101.09424374704558
1.104532754	104.76763642894612
1.10482586	103.47638364548011
1.105119122	107.41069578423208
1.105412539	105.86648107140391
1.105706112	109.73087490128115
1.105999841	109.37346596428591
1.106293726	112.35802462964129
1.106587767	110.12416848630335
1.106881964	113.45848932530551
1.107176318	110.69471893718023
1.107470829	115.16393771802949
1.107765497	112.89367897005866
1.108060321	117.10642118335456
1.108355302	115.64676170575721
1.10865044	118.50368461498728
1.108945736	117.34875529299231
1.109241189	119.80728900538487
1.109536799	119.3206930638326
1.109832567	121.61192668560662
1.110128493	120.68550212263865
1.110424576	124.86360088215119
1.110720818	122.92057538701282
1.111017217	127.1286871698769
1.111313775	125.77129679968412
1.111610491	127.93360225917353
1.111907366	128.2954722711461
1.112204399	130.28678997791974
1.112501591	128.78187661948726
1.112798942	132.2623494903356
1.113096452	131.13004000715642
1.113394121	134.82599878675222
1.11369195	134.5542617771712
1.113989937	136.96280988809409
1.114288084	136.7052007299088
1.114586391	139.45066803373052
1.114884858	138.09252781479594
1.115183484	141.73721271870335
1.115482271	141.45317696051163
1.115781217	144.47635461275394
1.116080324	143.59064669511565
1.116379592	146.1427788053822
1.116679019	146.00862062976873
1.116978608	149.59499760216968
1.117278357	148.99075988208017
1.117578268	151.79138286734792
1.117878339	151.68332539148508
1.118178571	153.9527323718563
1.118478965	153.97263696289076
1.11877952	156.95650131072694
1.119080237	155.64304616230902
1.119381116	159.9765613593019
1.119682156	159.56134870491886
1.119983358	162.50608762446277
1.120284723	163.30877660509057
1.120586249	165.36034409290625
1.120887938	165.24823327448013
1.12118979	168.10327908892955
1.121491804	167.13769969942715
1.12179398	170.48818393305515
1.12209632	170.16859930741973
1.122398823	173.7475568923751
1.122701489	172.63582003284316
1.123004318	176.74432863154505
1.12330731	175.88918854185496
1.123610467	178.91383323386117
1.123913786	178.98897612391823
1.12421727	181.8250953934023
1.124520917	181.83404617599538
1.124824729	184.21546681197344
1.125128705	184.85951677456106
1.125432845	188.07374876052532
1.12573715	188.17528157949923
1.126041619	191.71501189736455
1.126346253	190.26129104569145
1.126651052	193.45309073218152
1.126956015	192.12495734149329
1.127261144	196.17553061026504
1.127566439	196.06212551209916
1.127871898	199.9718277044342
1.128177523	199.80265600699573
1.128483314	202.91138025887793
1.128789271	203.06749176489663
1.129095394	204.9798781858897
1.129401682	204.42682898986598
1.129708137	209.03796576660426
1.130014759	207.28909788931975
1.130321546	211.59146374025207
1.130628501	210.68450092740184
1.130935622	212.9789408422498
1.13124291	213.48044695485328
1.131550365	216.45841902001325
1.131857987	215.8235363794078
1.132165777	219.1629727778814
1.132473734	218.4158015547754
1.132781859	221.3734992234497
1.133090151	221.3475570134285
1.133398611	225.2571095578199
1.133707239	223.65459239721633
1.134016036	225.9111411325417
1.134325	225.127295687878
1.134634133	228.71382381045404
1.134943434	227.69325250239456
1.135252905	230.1324956905925
1.135562544	230.15551515916226
1.135872352	232.25424706981536
1.136182329	230.8545229530683
1.136492475	234.44822246113205
1.13680279	232.75800462683026
1.137113276	236.55957655688496
1.13742393	235.33708285155188
1.137734755	237.58064673092676
1.138045749	233.70477111691912
1.138356914	238.19811321997113
1.138668249	237.0115973603297
1.138979754	240.03551203947964
1.139291429	240.97102413145876
1.139603276	240.3754220189409
1.139915293	238.71585413518338
1.14022748	240.93634336683635
1.140539839	240.56210696805525
1.140852369	243.72099454683675
1.141165071	241.5492380502459
1.141477944	243.73806765706652
1.141790988	241.86943916243587
1.142104204	244.0036979802245
1.142417593	242.65459316957492
1.142731153	243.40509731350434
1.143044885	241.55241325069036
1.14335879	244.83250895725573
1.143672867	242.29120206207273
1.143987117	244.434971321308
1.144301539	242.67838628809176
1.144616134	243.83581134668202
1.144930903	242.17774836542605
1.145245844	244.76852592461745
1.145560959	242.90750305845427
1.145876248	244.75274700946713
1.146191709	242.20545965293428
1.146507345	243.62924407216704
1.146823155	240.34781172646797
1.147139138	243.4526975355886
1.147455296	240.42360066567863
1.147771628	242.2096603586531
1.148088134	239.63473129407348
1.148404816	240.4393622895268
1.148721671	238.69289529395138
1.149038702	240.47942193629248
1.149355908	237.95854773054646
1.149673289	239.32242183969004
1.149990845	235.17831797955358
1.150308577	237.45217103362464
1.150626485	235.40391061210144
1.150944568	236.32801524890726
1.151262827	233.9326690851424
1.151581262	234.9056629428205
1.151899873	230.30526946879078
1.152218661	232.29774855345303
1.152537625	230.1849169019724
1.152856766	230.16242761509278
1.153176084	228.82137923574314
1.153495578	229.4364020850865
1.15381525	226.95754972964232
1.154135099	227.17479783716325
1.154455125	224.57599729126292
1.154775329	225.18639441562047
1.155095711	220.95691062222122
1.15541627	223.4483313657163
1.155737007	219.91691706917524
1.156057923	220.64267049204483
1.156379016	218.8003767651405
1.156700288	219.77746259914903
1.157021739	217.80631560112212
1.157343368	219.64380225550107
1.157665177	217.15414516328974
1.157987164	217.50040785149307
1.15830933	214.73338197280282
1.158631676	215.27219354818558
1.158954201	211.77478577759342
1.159276906	214.0567178919461
1.15959979	210.79605270442568
1.159922855	211.95903249304573
1.160246099	208.56740219706774
1.160569524	209.35445996607288
1.160893129	206.77114038586038
1.161216915	207.90097164853694
1.161540881	205.6329509144864
1.161865028	206.48540075323226
1.162189356	203.53899886159098
1.162513865	205.41063265655194
1.162838556	203.0780564194085
1.163163428	204.12930341518987
1.163488481	200.70437205663697
1.163813716	202.6150943635474
1.164139133	198.96965228302344
1.164464732	200.78681891793798
1.164790514	197.97266622301257
1.165116477	198.49199460560567
1.165442623	196.64888829712123
1.165768952	198.08947223019533
1.166095464	196.22418600268637
1.166422158	197.51658769666122
1.166749036	194.3239937542168
1.167076097	196.4005534977766
1.167403341	193.20906788299908
1.167730769	195.28615291166227
1.16805838	191.81557496495134
1.168386176	194.28098679118233
1.168714155	190.59668463967765
1.169042319	193.3138559901296
1.169370667	189.91429211179033
1.169699199	191.9160937771805
1.170027916	189.35462839957796
1.170356818	190.90139266688413
1.170685905	188.37276764179498
1.171015177	189.82691038628067
1.171344635	186.69538614686957
1.171674277	189.33964249438827
1.172004106	186.12597553069926
1.17233412	188.12553806532267
1.17266432	186.37331583474236
1.172994706	187.56036239862237
1.173325278	185.46803523562764
1.173656037	186.3781990374911
1.173986982	183.63505294328422
1.174318114	184.72644879606463
1.174649433	182.3193584230914
1.174980938	184.0027478230256
1.175312631	181.44189387481157
1.175644511	184.22413950097803
1.175976579	180.51485006971805
1.176308834	182.80953713990405
1.176641278	180.07614848174867
1.176973909	180.81503198137023
1.177306728	178.5314595458379
1.177639735	179.68114480544773
1.177972931	177.3191529799745
1.178306316	179.15656397936036
1.178639889	177.0228072463517
1.178973651	178.47042244744452
1.179307603	174.5958912740514
1.179641743	176.32984620036873
1.179976073	173.21884030804117
1.180310593	174.99883319033813
1.180645302	172.34594935563086
1.181242508	173.09647353845756
1.181578736	171.46890656156913
1.181915156	171.61006975546152
1.182251767	169.71333912543898
1.182588571	170.40118476562378
1.182925566	168.7479352890577
1.183262753	168.8234816008146
1.183600133	167.16961301177417
1.183937705	167.53718112339925
1.184275469	165.33038388655217
1.184613427	165.80055471838398
1.184951577	163.59077257797637
1.185289921	164.287518135193
1.185628457	162.25611798643433
1.185967188	162.98191646990466
1.186306111	160.5482008120221
1.186645229	161.46662925088842
1.186984541	159.37091999251794
1.187324046	159.35063464131284
1.187663746	157.72591916747388
1.18800364	157.70104597977925
1.188343729	157.0410180280422
1.188684013	156.02711690494436
1.189024492	155.39185281738688
1.189365165	155.20765313354994
1.189706034	154.1110883538939
1.190047099	154.1590167856586
1.190388359	152.75070269936666
1.190729815	152.60271611435402
1.191071466	150.59657010672754
1.191413314	150.945966279149
1.191755358	149.2513840203447
1.192097599	149.66872677387963
1.192440036	148.7045735320546
1.19278267	149.10391209840066
1.193125501	147.11493410156348
1.193468529	147.31427729592204
1.193811755	145.7689441005239
1.194155178	145.26249136644674
1.194498798	144.33200668134174
1.194842617	144.51209410402245
1.195186633	143.133035827081
1.195530847	143.5609180569834
1.19587526	141.5989567858816
1.196219872	142.85423174791916
1.196564682	140.48766933499115
1.19690969	141.6555599711616
1.197254898	139.9897804217274
1.197600305	141.0997981784674
1.197945912	139.89943749123637
1.198291717	140.4224623845221
1.198637723	138.37685722851083
1.198983929	139.98412039020693
1.199330334	137.67609249139642
1.19967694	139.33389692966708
1.200023746	137.37149650691825
1.200370753	138.81718084172584
1.20071796	136.95648190801273
1.201065368	137.72947753625093
1.201412978	135.8291969184911
1.201760789	137.25626148206746
1.202108801	135.84068963617338
1.202457015	136.90017544294517
1.20280543	135.33174863311422
1.203154048	136.22028085752643
1.203502867	135.63960351757763
1.203851889	135.9359067475678
1.204201114	134.84147616844328
1.204550541	136.40210574950578
1.204900171	134.6488333147312
1.205250004	135.52377046095768
1.20560004	134.23913226976993
1.20595028	134.77682773661692
1.206300723	134.37192268302837
1.20665137	134.48978428603615
1.207002221	133.30202603312486
1.207353276	134.4136389219717
1.207704535	134.05663001116864
1.208055999	133.70340810622938
1.208407667	132.7810860723112
1.20875954	132.9629884040011
1.209111618	131.6968401046409
1.209463901	132.3895802444593
1.20981639	131.5572670091927
1.210169084	131.38890481189594
1.210521984	131.13537755457855
1.210875089	130.53845492265626
1.211228401	130.58429261983903
1.211581919	129.86777899684466
1.211935643	129.7776524246675
1.212289574	129.66701020063743
1.212643712	129.2265873680906
1.212998057	128.7122791181836
1.213352609	128.5172656174887
1.213707368	127.96411904185744
1.214062334	127.19650013078868
1.214417509	126.75062364529617
1.214772891	126.5999173541448
1.215128481	126.14181597805623
1.21548428	125.39568278591591
1.215840287	125.28171851279922
1.216196502	124.94826347389785
1.216552927	124.1794810310234
1.21690956	123.75022809418928
1.217266403	123.64991373753675
1.217623454	123.01746032045766
1.217980716	122.21176997886064
1.218338187	121.94609185880421
1.218695868	120.80788924772396
1.219053759	120.86752464806634
1.21941186	119.87527432888292
1.219770172	119.54766094963975
1.220128694	118.7713693206216
1.220487428	118.6393000526046
1.220846372	118.1278436569755
1.221205527	117.14807540456104
1.221564894	116.47856451694902
1.221924472	115.75524682582585
1.222284262	115.25824422913882
1.222644264	114.59478133804312
1.223004479	114.19574348355142
1.223364905	113.64061635842539
1.223725544	113.18331119428001
1.224086396	112.66920463550828
1.22444746	111.92746403651476
1.224808738	111.3234197693801
1.225170229	110.33815356043362
1.225531933	110.65018854596478
1.225893851	109.20286305947035
1.226255983	109.40923574027445
1.226618329	108.57293258838034
1.226980889	108.33440295614714
1.227343663	107.98936834462032
1.227706652	106.98436064129808
1.228069856	106.92621662045549
1.228433274	106.58032475970423
1.228796908	105.87103904153257
1.229160757	105.70864640763546
1.229524822	105.2006904615105
1.229889103	105.02944598289884
1.230253599	104.32539021176656
1.230618312	104.21586472249639
1.23098324	103.52727709063257
1.231348386	103.20696111614791
1.231713748	102.92083347747294
1.232079326	102.46343473035947
1.232445122	102.32331864021162
1.232811136	101.67355720974903
1.233177366	101.42625797808716
1.233543815	100.69370601079686
1.233910481	100.625629335703
1.234277365	100.63816734804762
1.234644468	100.42535926623759
1.235011788	100.11529498452019
1.235379328	99.57934706792987
1.235747086	99.38347761828861
1.236115064	99.15295282952893
1.23648326	99.28937031703471
1.236851676	98.65102369132056
1.237220312	98.23223310930324
1.237589167	97.90069374337358
1.237958243	97.61875776515971
1.238327538	97.45944549541959
1.238697054	97.16868870759566
1.239066791	96.95323284997727
1.239436748	96.50727327925745
1.239806927	96.12523118487294
1.240177326	95.89480886818544
1.240547947	95.40639152540813
1.24091879	95.18807937651526
1.241289854	95.01300557898524
1.24166114	94.88660690148969
1.242032649	94.24337776524872
1.24240438	94.09511752398005
1.242776333	93.302942952988
1.243148509	93.1958045843922
1.243520909	92.79532016569024
1.243893531	92.63518400430908
1.244266377	91.98282987455008
1.244639446	91.56495142835448
1.245012739	91.19411053500895
1.245386256	90.3828736333907
1.245759998	90.4199241938221
1.246133963	89.73419701994791
1.246508154	89.381292735319
1.246882569	88.8624353509414
1.247257209	88.21908790134128
1.247632074	87.6690256852164
1.248007165	86.59418301093638
1.248382481	86.64145981991157
1.248758023	85.44477806435937
1.249133791	85.60286441087241
1.249509785	85.04704207320913
1.249886006	84.3589001870608
1.250262453	83.99583668772692
1.250639127	83.66594865230176
1.251016029	83.08663798473147
1.251393157	82.28727675032339
1.251770513	82.05985087900353
1.252148096	80.8156057742177
1.252525908	80.73759222062674
1.252903947	79.91481325842514
1.253282215	79.6332259662246
1.253660711	79.13604235926856
1.254039436	78.25953109345568
1.25441839	78.24733339833146
1.254797573	77.30630145850867
1.255176985	77.12323213731483
1.255556627	76.37471420470196
1.255936498	76.31727231214306
1.256316599	75.57113707066542
1.256696931	75.07668681892565
1.257077493	74.58001104188853
1.257458285	73.94906507806445
1.257839308	73.74112503969712
1.258220562	73.26879771071214
1.258602048	72.90880954828438
1.258983764	72.41280535586883
1.259365713	71.76569336957739
1.259747893	71.72523488096397
1.260130305	71.27899011946474
1.260512949	70.90917556033581
1.260895826	70.505457715073
1.261278936	70.14153466031374
1.261662278	69.99458934190162
1.262045854	69.79688020633613
1.262429663	69.53077262366365
1.262813705	69.17987233644985
1.263197981	68.75892294732968
1.263582491	68.54693520215515
1.263967235	68.40307473101896
1.264352214	68.22936021082614
1.264737427	67.963530396527
1.265122875	67.90371818928121
1.265508558	67.71861839494414
1.265894476	67.08827313364748
1.26628063	66.94792753904584
1.266667019	66.71674238296853
1.267053644	66.62257997719162
1.267440505	66.25281773357901
1.267827603	66.27602669066101
1.268214937	66.31309275202072
1.268602508	65.77274269580073
1.268990315	65.98942013829142
1.26937836	65.62448562050663
1.269766643	65.62213747495055
1.270155163	65.14254136440313
1.27054392	64.94829680786823
1.270932916	64.9579591988252
1.27132215	64.61184264571997
1.271711623	64.85449877452251
1.272101334	64.23593978802002
1.272491284	64.0553434015014
1.272881474	64.27335676480118
1.273271902	63.59817218019241
1.273662571	63.794059865213725
1.274053479	63.50890798862741
1.274444627	63.303058683081595
1.274836015	63.323360842001584
1.275227644	63.217420672272034
1.275619514	62.71615239629631
1.276011624	62.2166191990906
1.276403976	62.34431394683487
1.276796569	61.6824668508545
1.277189403	61.69054127853791
1.277582479	61.06575771726216
1.277975798	60.79399006096194
1.278369358	60.76111036562076
1.278763161	60.12058296110351
1.279157207	60.308622693923695
1.279551496	59.5519572697547
1.279946028	59.74099094915196
1.280340803	58.868497268943514
1.280735822	59.00975755329233
1.281131084	58.51920696597649
1.281526591	57.93185238604369
1.281922342	57.859494049963374
1.282318337	57.17351443366538
1.282714578	57.00829745451987
1.283111063	56.253295451294754
1.283507793	56.01900766153213
1.283904769	55.639659656153256
1.28430199	55.02239646427203
1.284699457	55.00559305381254
1.285097171	54.308226331687415
1.28549513	54.240489223599624
1.285893337	53.719274382009814
1.28629179	53.59843766437333
1.286690489	53.36025168292672
1.287089437	52.815740975968254
1.287488631	52.47767186764634
1.287888074	51.87851131648414
1.288287764	51.6504195989545
1.288687703	51.19885336616107
1.289087889	50.85299155710198
1.289488325	50.516690801262165
1.289889009	50.06281590978645
1.290289943	50.05152836049521
1.290691126	49.75113308239261
1.291092558	49.37595759889296
1.29149424	49.202780032749835
1.291896172	48.461260489202616
1.292298354	48.48686387499909
1.292700787	48.01243562253579
1.293103471	47.650174753861954
1.293506405	47.56496542447803
1.293909591	47.25916949172456
1.294313028	47.12928341630404
1.294716717	46.94026108821854
1.295120658	46.52591465928903
1.295524851	46.35760817040827
1.295929296	45.986166985279745
1.296333994	46.13001299305434
1.296738944	45.535397948801865
1.297144148	45.5879331116042
1.297549605	45.04680878834794
1.297955316	44.9676448111319
1.29836128	44.816120813527036
1.298767498	44.41884835387384
1.299173971	44.670413586926465
1.299580698	43.939867581466665
1.29998768	44.36410318838639
1.300394917	43.721564323337205
1.300802409	43.61096994536741
1.301210157	43.54824926998649
1.30161816	43.14868647231799
1.302026419	43.26365931130703
1.302434935	42.38241218078016
1.302843707	42.891572175585004
1.303252735	42.392237528759175
1.30366202	42.08493347489046
1.304071563	42.19066017815793
1.304481363	41.429928209474184
1.304891421	41.79640706357499
1.305301736	40.902004493171304
1.30571231	41.20681585644548
1.306123142	41.06416438940689
1.306534232	40.500578573201906
1.306945582	40.709782200749096
1.30735719	40.26572767405153
1.307769058	40.28023201329178
1.308181186	39.54090499936887
1.308593573	39.79017007620607
1.30900622	39.35133036754009
1.309419128	39.07094709326731
1.309832297	39.206870497944884
1.310245726	38.48773136168233
1.310659416	38.671580219874095
1.311073367	37.738303307628094
1.31148758	38.109058553367255
1.311902055	37.53672578379892
1.312316792	37.28405624268301
1.312731792	37.21513329106249
1.313147053	36.38545704629728
1.313562578	36.29014645759768
1.313978366	35.67359099193016
1.314394417	35.67928980429413
1.314810731	35.16840153038908
1.315227309	34.95887842840207
1.315644152	34.68453581764469
1.316061259	34.143661415826266
1.31647863	34.299666314104115
1.316896266	33.78682999601591
1.317314167	33.66157467110541
1.317732334	33.387911686266634
1.318150766	32.602260899565785
1.318569463	32.48251891703808
1.318988427	32.09207817097917
1.319407658	31.876107821219623
1.319827154	31.23672454015076
1.320246918	30.886452570527442
1.320666949	30.55016358893
1.321087247	30.36877302534334
1.321507813	30.23636951840706
1.321928646	29.735612438165884
1.322349748	29.487468071362674
1.322771118	29.48331697503837
1.323192757	29.20966976431496
1.323614664	29.052453854531475
1.324036841	28.567063278469767
1.324459287	28.574304122371505
1.324882003	28.11161894711911
1.325304988	28.105939727986687
1.325728244	28.048004121469454
1.326151771	27.36745744225437
1.326575568	27.47008988698324
1.326999635	27.298738813246064
1.327423975	27.224470546170693
1.327848585	27.17607087748073
1.328273468	26.895529156571868
1.328698622	27.156713687824688
1.329124048	26.52259062467959
1.329549748	26.655629955515774
1.329975719	26.57623295539552
1.330401964	26.219504501649233
1.330828483	26.204341083388858
1.331255274	25.94661174946906
1.33168234	26.280533126197366
1.33210968	26.071985092229035
1.332537294	26.033168192448517
1.332965182	25.94135817094008
1.333393346	25.72950316089152
1.333821785	25.984368834085185
1.334250499	25.535391681067722
1.334679489	25.78383850885024
1.335108754	25.391768920882054
1.335538296	25.543411765376685
1.335968115	25.42758765278301
1.33639821	25.05747390904664
1.336828582	25.48508873182853
1.337259232	25.06664356251991
1.337690159	25.35331519407369
1.338121364	25.389036561431208
1.338552847	25.127233596999854
1.338984608	25.10995492041295
1.339416648	24.75946306626638
1.339848967	25.15323900890658
1.340281565	24.419485222436784
1.340714442	24.606241495664758
1.341147599	24.17725834057696
1.341581037	24.31202434487008
1.342014754	24.184884118810327
1.342448752	23.61061148084766
1.342883031	24.3029977218692
1.34331759	23.748664012470854
1.343752431	24.150633928041046
1.344187554	23.754186162716763
1.344622959	23.68145036176101
1.345058646	23.628866882115897
1.345494615	23.10765671299933
1.345930867	23.42314584623311
1.346367402	22.563720566853043
1.34680422	22.96787321964428
1.347241321	22.269045219290405
1.347678707	22.158066776806184
1.348116377	22.179866966986463
1.34855433	21.918625809103666
1.348992569	21.819170560312713
1.349431093	21.50164583777377
1.349869901	21.543277083913917
1.350308996	21.36090228175159
1.350748375	21.232086521742335
1.351188041	21.33406311711808
1.351627994	20.60163705111198
1.352068233	20.969638986962728
1.352508758	20.28437794135488
1.352949571	20.39219445889199
1.353390672	20.027274240081613
1.35383206	19.990461593165744
1.354273736	19.848246027984693
1.3547157	19.75074951292627
1.355157953	20.048020714056566
1.355600495	19.45757398734716
1.356043326	19.594993265379827
1.356486446	19.481779627013644
1.356929856	19.044266422360852
1.357373556	19.220543026036278
1.357817546	18.855873010692463
1.358261827	18.87656392050037
1.358706399	18.67922873436448
1.359151262	18.33622317874558
1.359596416	18.532263845812327
1.360041862	18.527656769256275
1.360487599	18.281140791689516
1.360933629	18.32951348042165
1.361379952	18.19262605594526
1.361826568	18.011850688433118
1.362273476	18.05874447872266
1.362720678	18.00705273444789
1.363168174	17.736184710661675
1.363615964	17.816516123126124
1.364064048	17.65270080650852
1.364512426	17.956721468238733
1.3649611	17.60349389029641
1.365410068	17.454017250276028
1.365859333	17.591889271796724
1.366308892	17.588259091515916
1.366758748	17.222192993691007
1.3672089	17.47443571733462
1.367659349	17.322542497841525
1.368110095	17.483157567947906
1.368561138	17.027934099777102
1.369012478	17.15618763255728
1.369464117	16.988621312106044
1.369916053	16.98482072629443
1.370368288	16.847934455323692
1.370820821	16.893536195503373
1.371273653	16.659245352608593
1.371726785	16.466301974786425
1.372180216	16.497894338698366
1.372633947	16.492661689452415
1.373087978	15.766242165162337
1.37354231	16.283788370815873
1.373996943	15.560839876347051
1.374451876	16.024176467930975
1.374907111	15.434241919648711
1.375362648	15.268147729637342
1.375818486	15.232497159285574
1.376274627	14.796614569311805
1.37673107	14.846714738341545
1.377187816	14.78535027210581
1.377644866	14.477715340484318
1.378102218	14.645180944635532
1.378559875	14.184026008687054
1.379017836	14.634482350249918
1.379476101	13.64292031124237
1.37993467	14.438950812108677
1.380393545	13.163581588174118
1.380852725	13.730831463895552
1.38131221	12.996918416891537
1.381772002	13.34847891907904
1.382232099	13.15847018039302
1.382692504	12.856999774716357
1.383153214	13.14020730980108
1.383614233	13.152804389650612
1.384075558	13.122561078903162
1.384537191	13.588639754425653
1.384999132	12.38747001419757
1.385461382	14.00285387178398
1.38592394	11.895175883548808
1.386386808	13.513726599643977
1.386849984	11.317605914582664
1.38731347	12.79246420775799
1.387777266	11.7135253373193
1.388241372	12.247194869310837
1.388705789	11.740739910592582
1.389170517	11.97419950757473
1.389635555	11.831435722939343
1.390100906	12.259226922650367
1.390566568	11.670713212245424
1.391032542	12.594053923218496
1.391498828	11.11409827775405
1.391965427	12.32376517029593
1.392432339	10.693673918016293
1.392899565	12.288887975266924
1.393367104	10.041130903404248
1.393834957	11.379309119631666
1.394303124	10.331440900160386
1.394771606	11.168638052193451
1.395240403	11.039178570306746
1.395709516	9.327138831422083
1.396178943	11.564551487188593
1.396648687	10.747082980109454
1.397118747	10.742062226199856
1.397589123	13.397168998180698
1.398059816	10.080577650699302
1.398530827	11.73205620973663
1.399002154	9.726108691019652
1.3994738	11.173557977823451
1.399945764	9.631210872168728
1.400418046	10.474997475924765
1.400890647	9.72504919531191
1.401363567	9.837225916515758
1.401836806	10.357527914987179
1.402310365	9.860885554124819
1.402784244	10.211143355272002
1.403258444	10.50110508815534
1.403732964	10.188692072587383
1.404207806	10.222673515672282
1.404682968	9.18904718619307
1.405158453	10.703086871008608
1.405634259	8.76977821791149
1.406110388	10.420340965589824
1.406586839	8.076696251071382
1.407063614	9.5582406154769
1.407540711	8.538314953934298
1.408018133	9.748754191887386
1.408495878	8.885680013497206
1.408973948	8.886682326486401
1.409452342	8.753223656838387
1.409931061	9.33180740170541
1.410410106	8.247185116635768
1.410889476	9.32996755300469
1.411369172	7.996551675113935
1.411849195	8.33002259987257
1.412329544	7.116442172021447
1.41281022	8.87612712247954
1.413291223	6.786330708048737
1.413772554	8.400573395222105
1.414254213	5.557099955135201
1.4147362	7.338138672568297
1.415218516	5.668434855912856
1.415701161	7.586110961195001
1.416184135	6.4903082508493535
1.416667439	7.790871231427044
1.417151073	4.514956362353004
1.417635037	7.019570475280511
1.418119332	3.8948825484868395
1.418603958	6.728086973771277
1.419088915	3.792281282787034
1.419574204	7.033620088333199
1.420059825	3.4305213450038106
1.420545778	6.135910018259192
1.421032064	4.4555650289156015
1.421518683	7.475468543193539
1.422005636	2.3042576446559697
1.422492922	7.397393171966489
1.422980542	3.323176182151849
1.423468497	6.774367403087922
1.423956786	1.295855753572232
1.42444541	6.478396720621948
1.42493437	0.5950403074586502
1.425423666	5.907350109039031
1.425913298	4.414845808948883
1.426403266	5.980362686916236
1.426893572	6.175937685117108
1.427384214	4.766826559352874
1.427875194	1.1304674017490195
1.428366512	6.184191377333765
1.428858168	2.2856192353989284
1.429350163	7.419832913096101
1.429842496	-1.5960437058585297
1.430335169	6.026252530441812
1.430828182	-2.936197725773361
1.431321534	5.220594039167723
1.431815227	-2.0481093361042655
1.43230926	3.120840716300575
1.432803635	20.76817536449763
1.433298351	2.5596868452069597
1.433793409	18.68200792445587
1.434288808	4.131836674946419
1.434784551	3.1749384189965313
1.435280636	5.964299172173529
1.435777064	-2.3339071773866076
1.436273836	4.519450016458684
1.436770951	-6.085835779474621
1.437268411	9.623993993901681
1.437766216	-11.690757703443355
1.438264365	2.3659399680071744
1.43876286	3.031063916332361
1.4392617	-0.6325960633395261
1.439760887	6.078092639961582
1.440260419	-1.4728366268743038
1.440760299	30.518386184390422
1.441260526	5.043470314509233
1.4417611	14.018824006547634
1.442262022	9.827931375336497
1.442763292	3.6672327534901448
1.443264911	15.276146961712428
1.443766878	-40.417391679771455
1.444269195	11.438991316631004
1.444771862	-24.772676002653416
1.445274879	9.308875839895384
1.445778246	-10.010220539501198
1.446281963	-2.988989033790109
1.446786032	3.7690415723519215
1.447290453	-18.986750273678435
1.447795225	59.247234090195654
1.448300349	13.024467300845474
1.448805826	38.10061788468271
1.449311656	24.53491934265692
1.44981784	4.063378464619834
1.450324377	46.26933241696993
1.450831268	-27.596429077580478
1.451338514	34.346858017934146
1.451846114	-79.37757119628135
1.452354069	2.3341354474208824
1.452862381	-14.881275621923171
1.453371048	-12.546760612659384
1.453880071	44.24216609110623
1.454389451	-13.10899546086114
1.454899188	90.70125684140791
1.455409283	-31.4597401844096
1.455919735	94.41019742797017
1.456430546	69.64243914247731
1.456941715	-8.922813741040711
1.457453243	73.33282573859228
1.45796513	-170.14592905115384
1.458477377	87.92336785735718
1.458989984	-121.24578020915332
1.459502952	29.19331276738385
1.46001628	-303.2742209627051
1.46052997	-55.84663287751386
1.461044021	
1.461558434	-98.31337495619141
1.46207321	
1.462588348	-41.031738502602636
1.46310385	102.95563913585701
1.463619715	151.00743173674417
1.464135943	-43.497956523392745
1.464652537	390.23684366137513
1.465169494	0.12827230831145484
1.465686817	39.07457676215433
1.466204506	-218.36598049371804
1.46672256	34.852717481128145
1.46724098	
1.467759767	-23.69404635081157
1.468278921	
1.468798442	-45.308972088971196
1.469318331	
1.469838589	-188.33729337002217
1.470359215	26.928411917592214
1.470880209	2392.387766114998
1.471401573	-75.73524341492488
1.471923307	
1.472445411	-28.19444732814629
1.472967886	69.81250555258822
1.473490731	-159.71611338553603
1.474013948	6.218192408546328
1.474537536	-98.31003086004947
1.475061497	1.5632676092201103
1.47558583	
1.476110536	-19.479733614833457
1.476635615	
1.477161068	34.643009169307064
1.477686895	
1.478213097	170.07557152762135
1.478739673	-74.33113197212309
1.479266625	442.8054022671504
1.479793952	-204.83814285358534
1.480321656	145.74636529922816
1.480849736	-66.50159527353735
1.481378193	176.88611033165097
1.481907027	-45.947250810948475
1.482436239	33.904846004985835
1.482965829	-343.25025138554724
1.483495797	-28.275197249561415
1.484026145	-122.44683041456933
1.484556871	31.237303549123368
1.485087978	-89.32578374456611
1.485619465	133.31900581115858
1.486151332	-44.10843185042276
1.48668358	-0.022300835639767272
1.48721621	-139.13288277150943
1.487749221	8.43758651190781
1.488282615	10.809214452658962
1.488816391	30.7002432860229
1.48935055	
1.489885093	262.6189686605951
1.490420019	-16.96840612415824
1.49095533	-3659.4604373712464
1.491491025	-79.70679206198253
1.492027106	1445.8772510182869
1.492563572	-180.632505837957
1.493100423	74.27996750332204
1.493637662	-178.57264525321088
1.494175287	-87.88628820723854
1.494713299	-69.948439361686
1.495251699	-38.894368318078726
1.495790486	
1.496329662	44.37230283164102
1.496869227	
1.497409182	
1.497949526	
1.49849026	
1.499031384	
1.4995729	
1.500114807	-89.80262428748948
1.500657106	
1.501199796	-18.904435311591605
1.50174288	24.6584442428222
1.502286357	-95.23326820592129
1.502830227	-13.666238504553585
1.503374491	
1.50391915	22.26139418775995
1.504464203	
1.505009651	-11.401641260026205
1.505555496	
1.506101736	
1.506648373	
1.507195406	
1.507742838	-213.11206083561996
1.508290666	
1.508838894	-50.930160465617476
1.509387519	
1.509936544	-9.915574700277208
1.510485969	-183.47619648188015
1.511035793	
1.511586018	123.6211402481707
1.512136644	
1.512687671	100.31018807236276
1.5132391	
1.513790931	
1.514343164	
1.514895801	
1.515448841	-562.9839541185963
1.516002285	
1.516556134	-197.95065456510315
1.517110387	
1.517665046	151.52591402559264
1.51822011	
1.518775581	1387.3196551898202
1.519331458	41.47602316147662
1.519887742	
1.520444433	649.4736364727003
1.521001533	
1.521559041	1156.9878825745132
1.522116958	
1.522675284	
1.52323402	
1.523793166	54.74755525016553
1.524352723	
1.52491269	
1.52547307	
1.526033861	-603.6767107827443
1.526595065	
1.527156682	
1.527718712	677.8124109611653
1.528281156	
1.528844014	-978.0441235813536
1.529407287	
1.529970976	-1852.4633432825117
1.530535079	993.1523143335049
1.531099599	-312.31939387900076
1.531664536	
1.53222989	
1.532795661	-73.54874252947398
1.53336185	
1.533928458	-918.7150644798018
1.534495484	
1.53506293	
1.535630796	
1.536199082	
1.536767788	-674.6474018970732
1.537336916	
1.537906466	-152.9698595404426
1.538476438	
1.539046832	-326.38327864935997
1.53961765	16.97642426104074
1.540188891	
1.540760556	-22.98663837804185
1.541332646	
1.541905161	-9.976712797322346
1.542478101	
1.543051467	92.59919223157968
1.54362526	
1.544199479	
1.544774126	
1.545349201	
1.545924704	-729.1798203592463
1.546500635	
1.547076997	-579.6483748913284
1.547653787	-441.2634838854772
1.548231009	
