Date:	Monday, March 30, 2026, 5:42 PM
Measurement type:	Photoluminescence
Temperature: 	9.854 K
Integration time:	0.600 s
Excitation power:	9.508265 nW
Center wavelength	1078.132 nm / 1.150 eV
Dispersion window:	304.943 nm / 0.332 eV
Entrance slit width:	0.501 mm
Exit slit width:	0.000 mm
 	
Energy 	Powerspectrum 
(eV)	(Counts/0.600s)
Excitation power	30.04mW
	
1.007751232	-41.98658070117635
1.007995217	-19.605848763629965
1.008239321	-32.33576116965973
1.008483543	-25.0867702145311
1.008727883	-36.16511291185343
1.008972341	-20.489862716874637
1.009216918	-34.38014788748289
1.009461614	-26.85742504503588
1.009706428	-38.56431540527643
1.009951361	-20.087896210133206
1.010196413	-40.80574381248406
1.010441584	-17.774200084327138
1.010686874	-30.509156536449687
1.010932283	-13.43863813943409
1.011177812	-27.002805296673166
1.011423459	-16.12396183807327
1.011669226	-24.41798639232405
1.011915113	-19.04330515318458
1.012161119	-30.706658834834997
1.012407244	-19.029121929250582
1.01265349	-29.744106567038163
1.012899855	-15.95080925894911
1.01314634	-38.72311520379956
1.013392945	-13.060833116365758
1.01363967	-34.373968010196215
1.013886515	-8.366814732689596
1.014133481	-27.9010427457676
1.014380567	-8.787243444246892
1.014627773	-24.28612058724514
1.0148751	-10.184430153105852
1.015122548	-18.323899200054136
1.015370116	-16.370557280360924
1.015617805	-13.93742888001059
1.015865614	-15.131905065805709
1.016113545	-17.864350717285237
1.016361597	-14.990661602108283
1.01660977	-25.08183076281202
1.016858064	-10.77337942127697
1.01710648	-27.398992209654345
1.017355017	-6.261256473975505
1.017603675	-22.159967699658985
1.017852455	-3.9838287288234557
1.018101357	-14.114108694367097
1.01835038	-9.365299148161554
1.018599525	-14.803432882585874
1.018848793	-8.637211941645779
1.019098182	-10.486985768501377
1.019347693	-15.506014962297991
1.019597327	-15.026914210141301
1.019847083	-7.394851256244223
1.020096961	-21.337227637061616
1.020346962	-7.758961931212736
1.020597085	-18.277304846758152
1.020847331	-2.9207964619309585
1.0210977	-19.88724567712041
1.021348191	-2.551442716382757
1.021598806	-9.60885999386751
1.021849543	-2.2180873804192256
1.022100404	-8.11892233677017
1.022351387	-4.7884305677197405
1.022602495	-6.506186436249559
1.022853725	-7.9317533921896874
1.023105079	-7.983830769344777
1.023356556	-7.986676889861842
1.023608158	-9.969984600340625
1.023859883	-5.032573386750939
1.024111731	-15.918332967559271
1.024363704	-2.8800614481991818
1.024615801	-14.485756642830696
1.024868022	-0.29486497990941085
1.025120367	-8.599841190882241
1.025372836	-1.9333733652465364
1.02562543	-3.136277258498376
1.025878148	-1.5635423634922188
1.026130991	-2.2794125805316923
1.026383958	-5.939404370292523
1.02663705	-3.3736125366145884
1.026890267	-3.3163430886887104
1.027143609	-6.630196335008346
1.027397076	-2.215874464633908
1.027650668	-10.92156526132721
1.027904386	0.2644856724958652
1.028158228	-8.998691034351852
1.028412196	-0.31990913439949864
1.02866629	-2.5951272825970624
1.028920509	-0.04692120120263171
1.029174854	-3.2311774624915146
1.029429325	-1.4411952913303818
1.029683921	-2.0616479437699073
1.029938643	0.11623228984335426
1.030193492	-1.5896536885988741
1.030448467	-2.2336781014970906
1.030703568	-2.6745307515841987
1.030958795	1.0422241167715967
1.031214148	-4.79426083992171
1.031469629	1.3485691844561762
1.031725236	-0.6560252797825928
1.031980969	3.3169282040298786
1.032236829	-2.300409772080076
1.032492817	1.401665758107225
1.032748931	1.7313872191650814
1.033005172	0.7537341234925918
1.033261541	0.29250429477876994
1.033518037	1.6710345273528848
1.03377466	0.5339029434559026
1.03403141	2.890472738439596
1.034288289	0.2794025864209358
1.034545294	2.7337122041701236
1.034802428	-0.43899753156802107
1.03505969	3.384869639566844
1.035317079	0.5639399178396624
1.035574597	4.834994876476973
1.035832242	1.6483763670151628
1.036090016	4.805867744185202
1.036347918	3.861341338309801
1.036605949	3.4473825675812177
1.036864108	2.612502171635273
1.037122396	4.8140211128935215
1.037380812	1.6608940952728513
1.037639357	4.966739881347806
1.037898032	4.60160700063528
1.038156835	6.082191612907964
1.038415767	4.7704432977021645
1.038674828	5.818809546481831
1.038934019	4.212389340079772
1.039193339	7.171162060770081
1.039452789	7.244777750833451
1.039712368	6.949434186795404
1.039972077	5.37171146792871
1.040231916	7.363450864692781
1.040491884	5.537736331362849
1.040751983	7.745151270025983
1.041012211	6.505481182914016
1.04127257	8.441067199316109
1.041533059	6.774683298611349
1.041793679	8.643296888458693
1.042054428	8.287954442295947
1.042315309	9.657401686678083
1.04257632	8.766965237306165
1.042837462	9.166172544091463
1.043098734	8.4562891858479
1.043360138	9.505956976291525
1.043621673	8.967521114182242
1.043883339	10.91881777487338
1.044145136	8.633422954878377
1.044407064	11.197184020279119
1.044669124	8.172260342220154
1.044931315	12.171599132741626
1.045193638	10.157858466718254
1.045456093	13.068459588104067
1.04571868	11.756164096402143
1.045981398	12.381205225155885
1.046244249	13.083741543113154
1.046507232	12.02742639385551
1.046770347	13.645788209016825
1.047033594	12.550761409946663
1.047296974	12.973278940868925
1.047560486	13.787910481566936
1.047824131	13.111262999045483
1.048087909	14.746003632052815
1.048351819	13.034487311766435
1.048615863	17.137874143432352
1.048880039	14.979793395700954
1.049144349	16.98042658482715
1.049408792	15.811029720013462
1.049673368	16.0728942364958
1.049938078	17.52570541418987
1.050202921	16.0535056142966
1.050467898	18.203923341864446
1.050733008	16.64681019059681
1.050998253	17.267673232470095
1.051263631	18.226126039534797
1.051529144	16.755305760924802
1.05179479	19.232455569386385
1.052060571	17.761955356260554
1.052326486	20.100301211698568
1.052592536	18.258437785368955
1.05285872	20.775989581961365
1.053125039	20.36502193426104
1.053391493	21.093551779221574
1.053658081	21.796406429349666
1.053924805	19.93566062953388
1.054191663	22.33187450398253
1.054458657	20.604970860703638
1.054725786	21.551241505275666
1.05499305	21.789519671039976
1.05526045	21.414514235105983
1.055527986	23.647355572222256
1.055795657	22.047365954657998
1.056063464	24.91521437300643
1.056331407	24.162947646175567
1.056599486	25.27229222831704
1.056867701	25.35662643194333
1.057136052	25.693456709815116
1.057404539	25.97598473564139
1.057673163	26.023040016496605
1.057941923	27.462919755341893
1.05821082	26.24854145312019
1.058479854	27.50577939333893
1.058749025	27.306147337799022
1.059018332	26.977650148533066
1.059287777	29.583079366490104
1.059557358	28.346485408419234
1.059827077	30.289231004338706
1.060096934	30.170184958361286
1.060366927	30.985211172080202
1.060637059	31.899727599200233
1.060907328	31.163160355042674
1.061177734	32.24834187185529
1.061448279	31.79496418271756
1.061718962	32.84588489010776
1.061989782	33.04698431807775
1.062260741	33.74683147472914
1.062531838	33.53043036969438
1.062803074	34.54723454039356
1.063074448	34.51205506144447
1.063345961	34.964515727915796
1.063617612	34.9896476524732
1.063889403	36.38262326945137
1.064161332	36.961152349520425
1.0644334	37.246928943750085
1.064705608	37.15774054087718
1.064977954	38.186590333288095
1.06525044	38.188357318512736
1.065523066	39.42460585679647
1.065795831	39.36153006820607
1.066068736	40.394006486320954
1.06634178	40.25944978138639
1.066614965	41.906857968541225
1.066888289	41.3672751297549
1.067161754	42.765260734487846
1.067435359	42.447556703121705
1.067709104	44.02160321750775
1.06798299	43.92821886228311
1.068257016	45.33919797612441
1.068531183	44.60989752417918
1.06880549	46.19139278818227
1.069079939	46.38487289060312
1.069354528	47.22014759685907
1.069629259	47.49493830159108
1.06990413	49.16947918348577
1.070179143	49.14905237834302
1.070454298	50.052150231112165
1.070729594	50.24652739469732
1.071005031	52.003371639519884
1.071280611	51.08104006777615
1.071556332	53.311131816834596
1.071832195	52.68905472673769
1.0721082	54.61949319683372
1.072384348	54.35275086761179
1.072660638	55.29305693169356
1.07293707	56.01254691868659
1.073213644	57.125094707930174
1.073490362	57.496142245687906
1.073767222	58.416233499804484
1.074044225	59.056851976396786
1.07432137	61.01271347289936
1.074598659	60.21844228465506
1.074876091	62.23191133735341
1.075153667	60.87626269838238
1.075431385	64.0057627615962
1.075709248	63.22256052651795
1.075987254	64.71969527794343
1.076265403	65.57446726943004
1.076543697	66.40223342479975
1.076822134	66.9446234812033
1.077100715	68.43025582885973
1.077379441	69.62482191410882
1.077658311	70.37218727672763
1.077937325	70.22866671489096
1.078216484	72.96731357106613
1.078495788	71.63650103144734
1.078775236	74.09695942307214
1.079054829	73.2822022561133
1.079334567	75.48244592955534
1.07961445	75.36402368628758
1.079894479	76.759519350871
1.080174652	76.51127037943523
1.080454971	77.94472209364244
1.080735436	78.16775178426424
1.081016046	78.83979551049815
1.081296802	80.07594510289736
1.081577704	81.7466471439617
1.081858752	81.72404556121018
1.082139946	83.63396743120445
1.082421286	82.32939247309469
1.082702772	85.12338775510706
1.082984405	84.22740991055107
1.083266185	87.24649729811726
1.083548111	86.22266850703221
1.083830184	88.48800563854269
1.084112403	87.75003500621374
1.08439477	89.79843622706417
1.084677284	89.66267761915107
1.084959945	91.6313588143946
1.085242754	92.21358936800146
1.08552571	92.67883452865183
1.085808814	93.35647091362232
1.086092065	95.39639830988244
1.086375464	94.99228583464435
1.086659011	96.27941787340255
1.086942706	96.6988938390747
1.08722655	99.45251809620994
1.087510541	99.27158585140677
1.087794681	101.83232224877965
1.08807897	101.2546354064163
1.088363407	103.12574201101205
1.088647993	103.19314334552966
1.088932727	104.2532864419218
1.089217611	104.76000470864567
1.089502644	106.70782185580465
1.089787826	106.83063320319418
1.090073157	108.84059319847378
1.090358638	108.97265598682917
1.090644269	110.72977383491043
1.090930049	109.95689071487281
1.091215979	112.14462487035304
1.091502058	112.00966245237238
1.091788288	112.79076322286946
1.092074668	112.93476973930704
1.092361199	114.70494354618684
1.092647879	114.95643643409375
1.09293471	118.41717602424441
1.093221692	118.5866278076473
1.093508825	122.51167610743724
1.093796108	122.71176769422459
1.094083543	124.69591909559145
1.094371128	124.91778928468104
1.094658865	126.11356156572559
1.094946753	126.05859634976034
1.095234793	128.00168958191546
1.095522984	128.93455551160386
1.095811327	131.49645253093934
1.096099821	130.55389954561446
1.096388468	132.76482617541828
1.096677267	133.07196414101696
1.096966218	134.79222484400668
1.097255321	134.57516460871605
1.097544577	137.48014097360374
1.097833985	136.85620762260567
1.098123546	139.3062818003748
1.098413259	140.28877668991376
1.098703126	142.34226834714747
1.098993145	143.57234519930194
1.099283318	145.1648449954703
1.099573644	144.78805375127607
1.099864123	147.09456837554524
1.100154756	148.58370453866831
1.100445543	150.66204487484478
1.100736483	150.60550219730644
1.101027577	153.25117350072597
1.101318825	151.92757073418068
1.101610228	156.23346009159263
1.101901784	156.07182449733995
1.102193495	159.7715912140374
1.10248536	159.7341410876377
1.10277738	162.82189328257385
1.103069555	161.12665695644756
1.103361885	165.2909441869085
1.103654369	164.88835525039713
1.103947009	167.72865852258252
1.104239804	167.9135669331758
1.104532754	171.06813468782656
1.10482586	172.11383155618853
1.105119122	175.41059572588063
1.105412539	175.55809470336706
1.105706112	179.55280745601775
1.105999841	180.5291308620468
1.106293726	182.72043806110605
1.106587767	182.36492473031734
1.106881964	184.96696914144331
1.107176318	184.55262680478023
1.107470829	187.99059809595292
1.107765497	188.5248423992452
1.108060321	191.57686916277802
1.108355302	192.85479501648078
1.10865044	195.17943367128106
1.108945736	194.93518740605285
1.109241189	196.51398561448048
1.109536799	197.06030686641867
1.109832567	199.6715180967429
1.110128493	200.527532859231
1.110424576	205.36349223377073
1.110720818	205.79269833860815
1.111017217	208.48900312937656
1.111313775	209.02161786476677
1.111610491	210.37673165814076
1.111907366	211.9532307728159
1.112204399	214.73154955110266
1.112501591	215.19336906226124
1.112798942	217.7548139541961
1.113096452	219.79181611511768
1.113394121	221.41641627753827
1.11369195	224.11664255516376
1.113989937	224.72444288893763
1.114288084	227.9459404862027
1.114586391	230.14280458889235
1.114884858	230.2966232726049
1.115183484	233.64615071315293
1.115482271	235.9167223917193
1.115781217	237.42214842379562
1.116080324	238.9198405663057
1.116379592	240.9143422466416
1.116679019	242.75637040647416
1.116978608	246.75614328996136
1.117278357	248.4183354522167
1.117578268	249.78611512908336
1.117878339	252.42531330275514
1.118178571	253.5890254129352
1.118478965	256.41829638499814
1.11877952	259.0614821947201
1.119080237	260.95825537309634
1.119381116	263.76904380240484
1.119682156	266.17295785732796
1.119983358	268.03778726448184
1.120284723	270.69479280249436
1.120586249	272.9770178673349
1.120887938	274.93800949488434
1.12118979	276.7803576006543
1.121491804	278.80944753460483
1.12179398	280.7468579762488
1.12209632	282.8413385962495
1.122398823	285.54933767585135
1.122701489	287.82471812169865
1.123004318	290.7312316904003
1.12330731	292.7762187459453
1.123610467	294.3655617820801
1.123913786	297.74428622237093
1.12421727	299.5596669307503
1.124520917	302.2456366789234
1.124824729	303.4979525213068
1.125128705	306.74215718297586
1.125432845	310.128200194477
1.12573715	312.19174786217445
1.126041619	314.5803633314099
1.126346253	316.4870942836788
1.126651052	317.9780051340968
1.126956015	320.22250042493323
1.127261144	323.560318015966
1.127566439	325.50059005912533
1.127871898	329.7929764016829
1.128177523	330.59464394554124
1.128483314	333.32889347870633
1.128789271	336.7317558879995
1.129095394	337.69764070555476
1.129401682	340.58107517592504
1.129708137	343.8916209943121
1.130014759	345.1172023934962
1.130321546	347.65071742651827
1.130628501	349.4710639836816
1.130935622	350.8007376034558
1.13124291	354.35148181251384
1.131550365	357.17857877151187
1.131857987	359.88875728184297
1.132165777	361.27645700672304
1.132473734	364.7108995883911
1.132781859	365.5528790350123
1.133090151	367.92931971987343
1.133398611	370.97872648816434
1.133707239	371.19352279618613
1.134016036	373.62671650930105
1.134325	376.4211528735236
1.134634133	378.66410923620333
1.134943434	380.3200904759933
1.135252905	381.6826469117416
1.135562544	384.05727076267743
1.135872352	385.3724498896615
1.136182329	387.4744561293533
1.136492475	390.09275036764933
1.13680279	391.7002358753326
1.137113276	393.7978608477107
1.13742393	394.6404000227151
1.137734755	396.02966304560965
1.138045749	393.9888048456937
1.138356914	397.7368177859959
1.138668249	400.2192527698293
1.138979754	402.77687467939666
1.139291429	407.9254234366134
1.139603276	404.2972406552369
1.139915293	405.59929980090635
1.14022748	407.064794729973
1.140539839	408.13085385663476
1.140852369	410.84245090568123
1.141165071	411.4552359250018
1.141477944	413.03404250874706
1.141790988	414.074470664525
1.142104204	414.94048105706895
1.142417593	416.3111113135956
1.142731153	416.346761313083
1.143044885	417.9707978923265
1.14335879	420.2644203266231
1.143672867	420.0700141491637
1.143987117	421.3467289475573
1.144301539	420.836302297279
1.144616134	420.6556021198747
1.144930903	424.28367412924996
1.145245844	424.75652464658754
1.145560959	427.30908953703596
1.145876248	426.0705583243175
1.146191709	425.90152962378863
1.146507345	426.4110317471082
1.146823155	427.5765699078753
1.147139138	428.44553788356006
1.147455296	428.46552596675974
1.147771628	429.5901591798231
1.148088134	428.5955633322558
1.148404816	428.8100404103733
1.148721671	430.1113609190245
1.149038702	431.0196038482246
1.149355908	431.31259459412803
1.149673289	431.7195630013123
1.149990845	430.2682377594198
1.150308577	430.8061745393493
1.150626485	430.94319194072835
1.150944568	431.19367892844986
1.151262827	430.88799695746906
1.151581262	431.55640764246823
1.151899873	429.58323031048843
1.152218661	430.84582683913254
1.152537625	431.1966045370681
1.152856766	429.05684428334683
1.153176084	432.45559479165655
1.153495578	430.1889907877757
1.15381525	430.4224659215671
1.154135099	429.97166244340787
1.154455125	428.8706928476981
1.154775329	429.62166616150347
1.155095711	427.4987472004893
1.15541627	428.9438222583638
1.155737007	429.37799949423373
1.156057923	426.6689299486621
1.156379016	428.30796049915386
1.156700288	428.1145389444334
1.157021739	428.22583392164165
1.157343368	430.21081228209636
1.157665177	430.82885264100526
1.157987164	429.48134645157654
1.15830933	430.5387525233659
1.158631676	428.0901600229159
1.158954201	429.23882731384623
1.159276906	429.6479385431117
1.15959979	429.07401851805827
1.159922855	428.5404899589207
1.160246099	425.156927995137
1.160569524	426.32733830620737
1.160893129	426.18790984476016
1.161216915	425.649789992667
1.161540881	426.72072087986675
1.161865028	425.9209278378237
1.162189356	425.8120545095062
1.162513865	425.13170148692456
1.162838556	426.7500601922531
1.163163428	426.023888004948
1.163488481	424.7868108025177
1.163813716	426.22738329238507
1.164139133	425.1292835599207
1.164464732	423.90864658165646
1.164790514	423.2306747829647
1.165116477	421.6591244190779
1.165442623	422.341467696798
1.165768952	423.06678005934236
1.166095464	423.4543296722065
1.166422158	423.9211233952054
1.166749036	423.17295958149157
1.167076097	423.11512906191314
1.167403341	421.798635970774
1.167730769	422.0581220198416
1.16805838	421.9869176951356
1.168386176	421.32034584744616
1.168714155	420.9501793680983
1.169042319	421.9827975880504
1.169370667	421.03062127153504
1.169699199	420.3216030382713
1.170027916	420.4879035251935
1.170356818	420.80153129812896
1.170685905	418.72284704429967
1.171015177	420.48111172432516
1.171344635	419.84543085009136
1.171674277	419.91244147458497
1.172004106	418.27323832729957
1.17233412	419.07153001171963
1.17266432	417.7526141938118
1.172994706	419.4171484560019
1.173325278	418.3609256744412
1.173656037	417.18174546021135
1.173986982	417.90524230238475
1.174318114	414.7264419572024
1.174649433	417.4077338717132
1.174980938	415.1730402732913
1.175312631	415.8665208051837
1.175644511	416.85034214514496
1.175976579	414.62458419307393
1.176308834	416.6673280593951
1.176641278	412.3545021066536
1.176973909	412.92698872725475
1.177306728	411.7844113491193
1.177639735	412.60523906281344
1.177972931	412.210311202357
1.178306316	411.9753940641996
1.178639889	412.4275936413273
1.178973651	410.1341030963664
1.179307603	409.1839626342507
1.179641743	408.44852011561176
1.179976073	408.83446885259326
1.180310593	406.70998067915247
1.180645302	406.6907120635508
1.180980201	407.1216497665248
1.18131529	404.29633016220015
1.18165057	405.6004728803867
1.181986039	402.52526466272724
1.1823217	403.38839513838565
1.182657551	401.6228107938424
1.182993592	400.9150345355994
1.183329825	399.9576836223263
1.183666249	400.1038147340003
1.184002865	399.3538076651572
1.184339672	397.83959569524507
1.18467667	397.22285700913096
1.185013861	395.54571939107944
1.185351243	395.15270022405184
1.185688818	394.49484186446074
1.186026585	394.4927469830197
1.186364544	392.5870363964978
1.186702696	393.1689049393511
1.187041041	390.38124795200025
1.187379579	390.86945536413083
1.18771831	389.34349983657523
1.188057234	387.0667268391095
1.188343729	388.67505072319886
1.188684013	389.8635308204867
1.189024492	385.48211815141195
1.189365165	389.48315619412483
1.189706034	385.0187243709624
1.190047099	388.6056481168979
1.190388359	383.06041062392023
1.190729815	385.9854048025225
1.191071466	378.85503041065056
1.191413314	383.11851841470184
1.191755358	377.4992642897947
1.192097599	381.7671024915905
1.192440036	376.33058663384895
1.19278267	381.22218597088863
1.193125501	372.6955786273757
1.193468529	377.71079937579776
1.193811755	370.9626784923143
1.194155178	373.69312794511427
1.194498798	368.9321030192361
1.194842617	372.19906087753253
1.195186633	367.0092629692931
1.195530847	371.0023964692653
1.19587526	363.56822119611564
1.196219872	370.2996508202318
1.196564682	361.30038863131495
1.19690969	367.9737288327726
1.197254898	361.59096107963836
1.197600305	366.6833999266347
1.197945912	360.7903331389943
1.198291717	365.86212987101436
1.198637723	356.8823118019381
1.198983929	364.8085580079834
1.199330334	356.04521637805743
1.19967694	363.74299564768364
1.200023746	356.1321470818974
1.200370753	362.1630137503929
1.20071796	354.36330435942403
1.201065368	359.5118500406522
1.201412978	352.7954912369514
1.201760789	358.544198937137
1.202108801	352.3991283095081
1.202457015	356.9744463286225
1.20280543	349.79733017597806
1.203154048	355.96125501628137
1.203502867	350.1665950537928
1.203851889	354.7468491028531
1.204201114	348.6337483381519
1.204550541	356.0865454240898
1.204900171	348.73970666573365
1.205250004	354.45829040630286
1.20560004	347.9369786487834
1.20595028	351.76764835076483
1.206300723	348.3026624033749
1.20665137	350.4695350031387
1.207002221	345.2424970682288
1.207353276	350.60486862648037
1.207704535	346.1165972717279
1.208055999	349.1675447173399
1.208407667	344.850908771966
1.20875954	347.09211121557735
1.209111618	341.3830343792761
1.209463901	345.50491185863893
1.20981639	339.47336901165124
1.210169084	342.89224121754637
1.210521984	338.936653557868
1.210875089	341.2911274817244
1.211228401	338.57849246355636
1.211581919	340.054143518161
1.211935643	338.066887265011
1.212289574	339.8553624128406
1.212643712	335.6204681261332
1.212998057	337.85810757388816
1.213352609	334.19153742935913
1.213707368	336.363767396987
1.214062334	331.96223093732044
1.214417509	333.2223784204496
1.214772891	330.16992723474567
1.215128481	333.0846412859915
1.21548428	328.2682783135038
1.215840287	331.1670463225832
1.216196502	329.21752175886087
1.216552927	329.35808402081966
1.21690956	325.7841803047604
1.217266403	329.2545103862805
1.217623454	323.5700960014845
1.217980716	326.54989746862384
1.218338187	322.16364083781434
1.218695868	323.0430301265778
1.219053759	320.72946019652977
1.21941186	321.79820946491105
1.219770172	318.35973079908064
1.220128694	319.81416661185006
1.220487428	318.2654956402002
1.220846372	319.78046824864657
1.221205527	314.57010023903297
1.221564894	317.2184566596925
1.221924472	312.66738449173226
1.222284262	314.8400456725829
1.222644264	310.07929815678966
1.223004479	313.41302599517064
1.223364905	308.6134139713484
1.223725544	310.8632069865511
1.224086396	306.98683964209965
1.22444746	309.0302216252773
1.224808738	304.6550326935289
1.225170229	305.87559662214414
1.225531933	303.4976924126141
1.225893851	304.04466779037614
1.226255983	300.85909085788626
1.226618329	302.4234984223252
1.226980889	299.42622195911264
1.227343663	302.39199843202914
1.227706652	297.5873263159071
1.228069856	299.93164751872854
1.228433274	297.0422055820604
1.228796908	297.8454030293024
1.229160757	294.0500233997886
1.229524822	296.8435580712238
1.229889103	292.1372533951719
1.230253599	294.8400333631023
1.230618312	291.6991792207403
1.23098324	293.5950199413742
1.231348386	290.0460008249115
1.231713748	291.8178895808637
1.232079326	288.6315167249169
1.232445122	290.90255960351556
1.232811136	286.3335212925265
1.233177366	288.2219365118224
1.233543815	283.75276293826533
1.233910481	287.13019680387646
1.234277365	283.1719019933105
1.234644468	286.3414592425784
1.235011788	282.4040094214045
1.235379328	284.98888382482403
1.235747086	281.6077899439454
1.236115064	283.97979423429854
1.23648326	280.5578791938757
1.236851676	282.1904906140632
1.237220312	277.5542509767013
1.237589167	280.64921982912927
1.237958243	277.38110510519977
1.238327538	279.7129330510802
1.238697054	275.10930508523677
1.239066791	277.63775191669
1.239436748	273.8546763382761
1.239806927	275.7589047870652
1.240177326	273.34635845955455
1.240547947	274.36437322590064
1.24091879	270.41940706479176
1.241289854	273.7404673567136
1.24166114	270.14966530269044
1.242032649	270.99914647093965
1.24240438	267.0033711701109
1.242776333	269.53134102577275
1.243148509	264.59542122964945
1.243520909	267.7675395502385
1.243893531	265.43273841578446
1.244266377	265.5373314741947
1.244639446	262.43733155700835
1.245012739	263.7243416893385
1.245386256	258.7899758707651
1.245759998	262.1264991840328
1.246133963	257.93235451131227
1.246508154	260.54917570395406
1.246882569	256.39899826943673
1.247257209	257.41727787476685
1.247632074	252.69236888464445
1.248007165	253.8959366718084
1.248382481	251.22005031460597
1.248758023	251.4492666320325
1.249133791	248.2581693084037
1.249509785	250.6145558462531
1.249886006	244.98308546771733
1.250262453	247.89629280491295
1.250639127	244.63088939014983
1.251016029	245.9330163001352
1.251393157	243.50399403669743
1.251770513	244.15455155907296
1.252148096	238.49837779824335
1.252525908	241.51434924101167
1.252903947	234.612918589488
1.253282215	239.19251153345584
1.253660711	235.36649164288482
1.254039436	236.47544542726456
1.25441839	233.7758825812732
1.254797573	235.06496662169883
1.255176985	230.61200995060554
1.255556627	232.3883382327695
1.255936498	229.9232673960419
1.256316599	230.4830811912714
1.256696931	226.4185545353932
1.257077493	228.43340983214975
1.257458285	224.27519456228976
1.257839308	227.2124527003548
1.258220562	222.65905271267323
1.258602048	225.16716264867964
1.258983764	221.6041902632299
1.259365713	222.72505174125374
1.259747893	219.53970259951802
1.260130305	222.4071013852435
1.260512949	216.55617109882527
1.260895826	221.0219752948922
1.261278936	215.1284680380118
1.261662278	219.09662443775892
1.262045854	216.1423179280689
1.262429663	218.0146764353224
1.262813705	213.7496728568067
1.263197981	216.34160904697703
1.263582491	212.19656242797134
1.263967235	215.35092959074802
1.264352214	212.46706730070048
1.264737427	215.26185915816146
1.265122875	210.8537435780842
1.265508558	214.7417907069681
1.265894476	210.24709645703422
1.26628063	213.60830022159362
1.266667019	208.78858841377885
1.267053644	212.66219637602686
1.267440505	208.15376126006808
1.267827603	210.9109459090762
1.268214937	208.3464650431681
1.268602508	210.22054813548704
1.268990315	207.7913556456167
1.26937836	209.10213882093052
1.269766643	205.90394545440026
1.270155163	209.29866426353266
1.27054392	204.8879011858555
1.270932916	208.79339460789947
1.27132215	204.76530040493356
1.271711623	207.68486233831368
1.272101334	204.05617354832034
1.272491284	207.1276313399991
1.272881474	203.19127289654568
1.273271902	205.77629665623925
1.273662571	200.89568633350981
1.274053479	205.6761501488661
1.274444627	200.79677926553208
1.274836015	203.71940853279577
1.275227644	202.19350549133682
1.275619514	202.63007794922012
1.276011624	199.35488956866638
1.276403976	202.720745888082
1.276796569	197.0679209594957
1.277189403	201.4376281437252
1.277582479	195.62917538813255
1.277975798	199.44792430004972
1.278369358	196.35314750012205
1.278763161	198.66650178799267
1.279157207	195.51858295507083
1.279551496	196.41364902987456
1.279946028	192.93918142414626
1.280340803	195.39739608735468
1.280735822	190.5584088125259
1.281131084	193.1200021828875
1.281526591	190.41083338628175
1.281922342	192.15324522110333
1.282318337	186.4695227810244
1.282714578	190.87399329686468
1.283111063	184.7144724919036
1.283507793	188.6760736874086
1.283904769	185.86551242934928
1.28430199	186.8395933268796
1.284699457	183.26105349323527
1.285097171	184.9344636248382
1.28549513	180.82352275140389
1.285893337	184.40950118783337
1.28629179	178.6133911391858
1.286690489	183.3383026313761
1.287089437	177.60545353876915
1.287488631	180.84503242439544
1.287888074	177.5093394172817
1.288287764	179.72541674395993
1.288687703	175.3986971427637
1.289087889	177.94617955740298
1.289488325	174.8109861818323
1.289889009	176.61837139713765
1.290289943	174.75477795970136
1.290691126	176.03152724888764
1.291092558	169.72185868284203
1.29149424	175.2004558254963
1.291896172	168.96787082974234
1.292298354	173.74359301515437
1.292700787	169.65961122378692
1.293103471	171.91923617924076
1.293506405	166.34491718042295
1.293909591	170.58256367130483
1.294313028	167.5840622607324
1.294716717	170.25076860558923
1.295120658	167.45584997726533
1.295524851	169.25062162865544
1.295929296	164.66330800604047
1.296333994	169.10865000671728
1.296738944	164.36116683068346
1.297144148	168.43027869626405
1.297549605	162.14110198130365
1.297955316	167.65302792976078
1.29836128	162.03598982553308
1.298767498	165.67060923355285
1.299173971	161.9108549897134
1.299580698	165.23040447386987
1.29998768	159.69938233626888
1.300394917	164.24916011515162
1.300802409	162.4056330655171
1.301210157	164.08523834384326
1.30161816	160.53268240935452
1.302026419	162.86885813886084
1.302434935	156.8917464159745
1.302843707	163.3603321121631
1.303252735	158.53118207625997
1.30366202	161.69905439026056
1.304071563	156.9021491636554
1.304481363	160.43805290348328
1.304891421	156.44664246581752
1.305301736	158.41664348624042
1.30571231	156.3724728246941
1.306123142	158.73933178827858
1.306534232	153.0088287325273
1.306945582	157.91994901204419
1.30735719	151.95824505465345
1.307769058	156.60379962408607
1.308181186	152.0012581652711
1.308593573	156.2020401722877
1.30900622	151.71403349676453
1.309419128	154.8774190628916
1.309832297	152.12985956669803
1.310245726	153.2999850329213
1.310659416	149.02009493945332
1.311073367	152.3308007673994
1.31148758	146.32918180622045
1.311902055	151.05832482906914
1.312316792	146.0560969397291
1.312731792	149.45825914086527
1.313147053	144.08818239219335
1.313562578	147.10747118480413
1.313978366	141.38305356363296
1.314394417	145.73751687757928
1.314810731	141.42511052848852
1.315227309	144.63280956645698
1.315644152	139.25025881331928
1.316061259	143.3913305993069
1.31647863	139.92061694932144
1.316896266	142.37202964308736
1.317314167	137.9273548211881
1.317732334	140.727735824154
1.318150766	132.76207911613446
1.318569463	138.8416929271877
1.318988427	132.64502965062132
1.319407658	136.24712240595858
1.319827154	131.43938243549857
1.320246918	134.7494902758937
1.320666949	130.2517222136063
1.321087247	133.48014335518295
1.321507813	129.38646185844414
1.321928646	131.9621180074129
1.322349748	127.1968153364576
1.322771118	131.89268504846916
1.323192757	126.20119127809716
1.323614664	131.72946611511304
1.324036841	125.24179281696813
1.324459287	129.52319149423016
1.324882003	124.02082360061648
1.325304988	128.35031276609857
1.325728244	123.92430773035116
1.326151771	126.42422313157648
1.326575568	124.23061654162872
1.326999635	126.24497737333552
1.327423975	121.78799919245562
1.327848585	127.23977278432471
1.328273468	121.4773834286925
1.328698622	128.00096417590234
1.329124048	123.31145762458983
1.329549748	126.73283910877794
1.329975719	121.71121130870084
1.330401964	125.79095157711168
1.330828483	119.439798327507
1.331255274	124.42811615453533
1.33168234	120.92881665530933
1.33210968	124.13730921167887
1.332537294	120.46344374212237
1.332965182	124.63072552937814
1.333393346	120.1074133191117
1.333821785	125.36655568873721
1.334250499	122.88758468062868
1.334679489	125.2477178974556
1.335108754	119.55873594142071
1.335538296	124.9437619826347
1.335968115	118.83171522435653
1.33639821	124.71461290838009
1.336828582	120.47523485641004
1.337259232	124.1205750017382
1.337690159	119.55965376905702
1.338121364	123.64958056036504
1.338552847	118.87824006959949
1.338984608	123.62748693331483
1.339416648	119.44715803320778
1.339848967	123.1949004264779
1.340281565	118.1884711304892
1.340714442	122.95179461989814
1.341147599	118.8260092430801
1.341581037	122.68806273440606
1.342014754	117.3196347447267
1.342448752	121.57881276050234
1.342883031	117.35494366053433
1.34331759	121.13257856592476
1.343752431	116.94622571192131
1.344187554	121.06818237393307
1.344622959	115.02364759659216
1.345058646	119.80764435142152
1.345494615	113.93502808592692
1.345930867	119.277375420547
1.346367402	115.50544740125503
1.34680422	118.13318699209242
1.347241321	114.0976845421332
1.347678707	116.82547109759155
1.348116377	112.37658852682945
1.34855433	115.78777080872635
1.348992569	111.74983572722628
1.349431093	115.55415735829779
1.349869901	107.9664640660946
1.350308996	114.92731819153605
1.350748375	108.19472374606437
1.351188041	113.93121051587478
1.351627994	109.10344378189554
1.352068233	113.0074036716894
1.352508758	109.08317411726465
1.352949571	112.16074681019589
1.353390672	107.61022254937363
1.35383206	110.97356369326741
1.354273736	105.94576579651154
1.3547157	111.37344607152303
1.355157953	106.03783240667298
1.355600495	110.86063066461867
1.356043326	104.61929286495243
1.356486446	109.6639374293637
1.356929856	103.61418120776001
1.357373556	109.82832569884727
1.357817546	102.16197720228186
1.358261827	108.20012368379048
1.358706399	103.34746821225227
1.359151262	107.05819826596188
1.359596416	104.49478416526108
1.360041862	106.86728736452022
1.360487599	102.95312638548143
1.360933629	107.11222001086485
1.361379952	101.86471468435992
1.361826568	106.96015918224143
1.362273476	100.68605683536532
1.362720678	107.03619943669491
1.363168174	99.62693327486852
1.363615964	106.65867572722567
1.364064048	101.47537714413382
1.364512426	107.05276049561465
1.3649611	101.63981162435832
1.365410068	104.77402286554349
1.365859333	99.95289260255768
1.366308892	105.14043242086028
1.366758748	100.35740236904795
1.3672089	105.22503459389644
1.367659349	101.49065193485553
1.368110095	105.50799309980506
1.368561138	99.15871759166477
1.369012478	105.31359377586982
1.369464117	96.45024823357447
1.369916053	104.62048462480718
1.370368288	97.95518896773555
1.370820821	103.6295582687493
1.371273653	96.8097681895125
1.371726785	101.94657327997533
1.372180216	93.72656337637683
1.372633947	101.03286354861987
1.373087978	94.41702863872486
1.37354231	100.52318647885589
1.373996943	94.31468821851131
1.374451876	99.16012503653033
1.374907111	89.57967039866443
1.375362648	99.10925192276466
1.375818486	90.12704125216986
1.376274627	97.00531847394244
1.37673107	88.50079836481363
1.377187816	95.90975768301648
1.377644866	83.91792264477816
1.378102218	92.6572587722896
1.378559875	83.67619658226793
1.379017836	92.93413327877195
1.379476101	83.63471887579261
1.37993467	92.88269973013315
1.380393545	81.99854619514016
1.380852725	92.6436951548874
1.38131221	80.17653579571935
1.381772002	91.94815856676829
1.382232099	79.36300151216815
1.382692504	91.18344825678219
1.383153214	80.41421966217688
1.383614233	92.9383919260942
1.384075558	82.8085373266699
1.384537191	93.15405996826553
1.384999132	77.53896395802516
1.385461382	92.1191555371156
1.38592394	75.23354520119848
1.386386808	91.3783405546558
1.386849984	77.46525457877372
1.38731347	91.38279443205015
1.387777266	75.84181086761558
1.388241372	90.9506340217867
1.388705789	75.89716369985283
1.389170517	91.41531305839261
1.389635555	78.35534004236254
1.390100906	89.31059374321433
1.390566568	69.16847928044623
1.391032542	90.67508939299886
1.391498828	70.3250947378658
1.391965427	89.89886767152997
1.392432339	73.10910021813278
1.392899565	88.87739828369128
1.393367104	72.10137488759283
1.393834957	86.73449585361297
1.394303124	73.14464641521464
1.394771606	87.88624333132755
1.395240403	72.28556265293163
1.395709516	74.38780561662197
1.396178943	73.23005937325466
1.396648687	87.70190050178756
1.397118747	74.75111881225571
1.397589123	103.52623543328673
1.398059816	69.77706302110674
1.398530827	87.51330091455677
1.399002154	64.79236048774698
1.3994738	87.51779049338028
1.399945764	66.23728703553198
1.400418046	83.85400042544683
1.400890647	67.33113090339054
1.401363567	82.94718289899026
1.401836806	69.57750300852665
1.402310365	82.98142629828122
1.402784244	67.34420756695535
1.403258444	85.21543414174904
1.403732964	61.31781306167248
1.404207806	85.86055332664243
1.404682968	58.55901314280474
1.405158453	86.29972969627137
1.405634259	61.42323382954369
1.406110388	84.24017973728067
1.406586839	62.86539389746522
1.407063614	83.45054608390045
1.407540711	53.610612132786265
1.408018133	80.2538540794368
1.408495878	54.14626605795172
1.408973948	78.08281096712268
1.409452342	61.54753948465641
1.409931061	80.14600670996792
1.410410106	54.366701364449575
1.410889476	81.22032709329952
1.411369172	52.767119631375664
1.411849195	78.509670370888
1.412329544	40.332078414295225
1.41281022	76.62446487572885
1.413291223	34.875231310027445
1.413772554	72.26642276404985
1.414254213	39.49204804907136
1.4147362	69.6671528976698
1.415218516	38.806419021061515
1.415701161	69.53541090135528
1.416184135	30.55707970309468
1.416667439	67.15154637788531
1.417151073	29.997616988403376
1.417635037	72.55935425357072
1.418119332	38.05199117554404
1.418603958	72.74006466296197
1.419088915	5.8680790220647605
1.419574204	71.77705824871003
1.420059825	3.855458403262028
1.420545778	69.19411228306558
1.421032064	18.00374606619934
1.421518683	70.51637065736877
1.422005636	27.942011762493358
1.422492922	66.64819383143549
1.422980542	20.157344593425535
1.423468497	72.32285232979935
1.423956786	7.862997030511307
1.42444541	71.36625385026795
1.42493437	-22.136541568363324
1.425423666	72.81321371751542
1.425913298	-48.64657224100516
1.426403266	70.5501522205244
1.426893572	-70.21958573871348
1.427384214	68.29693534498676
1.427875194	-20.99944288505168
1.428366512	69.23489943841622
1.428858168	-45.387691922209534
1.429350163	68.61850154343617
1.429842496	-76.52872016442406
1.430335169	63.757796778031896
1.430828182	-24.07262512726574
1.431321534	68.19978074870656
1.431815227	-118.49446002376799
1.43230926	65.44983167528565
1.432803635	-127.36878874585321
1.433298351	66.2323985400999
1.433793409	-8.015189654651914
1.434288808	64.10555823472077
1.434784551	-135.38834053274135
1.435280636	68.54806920346545
1.435777064	-200.62585134698443
1.436273836	71.08424532697568
1.436770951	-131.0960562770047
1.437268411	70.78908939551853
1.437766216	-172.76065653860482
1.438264365	66.07198921296933
1.43876286	-275.50883413279456
1.4392617	69.72365998249458
1.439760887	-138.75444840639673
1.440260419	74.02845433893134
1.440760299	-270.94181043075446
1.441260526	79.77502375956549
1.4417611	-489.5568785631412
1.442262022	88.91688485013466
1.442763292	-326.39321242027887
1.443264911	100.64100021169217
1.443766878	-665.377234080178
1.444269195	125.39612371515418
1.444771862	-455.51452811014656
1.445274879	133.4546941576082
1.445778246	-200.22034378186785
1.446281963	149.5502893467611
1.446786032	-381.83260224253286
1.447290453	143.97998653574976
1.447795225	-555.9013210295542
1.448300349	183.27941469396816
1.448805826	-510.2290720603936
1.449311656	286.2784130367787
1.44981784	-259.89579210095604
1.450324377	320.4405858572226
1.450831268	-793.2066743701314
1.451338514	382.5059736230288
1.451846114	-1203.3092713434253
1.452354069	382.0023872275856
1.452862381	-1001.0117989147964
1.453371048	308.6237871609938
1.453880071	-318.0661267384881
1.454389451	324.7601255575675
1.454899188	-665.3771834350912
1.455409283	624.3424833334813
1.455919735	-826.4355204250365
1.456430546	672.2899543228464
1.456941715	-354.9296922057891
1.457453243	681.5184526826295
1.45796513	-1395.1232303359313
1.458477377	753.1311871351176
1.458989984	-1331.1303116457573
1.459502952	396.30751966987475
1.46001628	-2687.41366532037
1.46052997	467.65515745421453
1.461044021	
1.461558434	588.1812344067298
1.46207321	
1.462588348	1175.9339728449006
1.46310385	-1441.2240623943505
1.463619715	1708.9913124973564
1.464135943	-1372.2583731874183
1.464652537	5265.656181499596
1.465169494	-811.3583847602441
1.465686817	874.8604835981217
1.466204506	-1304.2850297980021
1.46672256	507.4517584749967
1.46724098	
1.467759767	416.58050309949436
1.468278921	
1.468798442	419.48476446346
1.469318331	
1.469838589	2404.1875855695525
1.470359215	-5382.760158182967
1.470880209	54143.54663426681
1.471401573	-1034.9255367988142
1.471923307	
1.472445411	-1460.2095317653632
1.472967886	1627.7425732565355
1.473490731	-4243.579777233357
1.474013948	1016.832385418444
1.474537536	-719.6996301032369
1.475061497	559.6464226578494
1.47558583	
1.476110536	292.38155177884255
1.476635615	
1.477161068	759.3180949742812
1.477686895	
1.478213097	2305.1073274510322
1.478739673	-1448.1868021047449
1.479266625	5033.148719027376
1.479793952	-2370.2854340810177
1.480321656	3048.8362638514805
1.480849736	-973.8532693795495
1.481378193	2346.6942947593243
1.481907027	-1400.0185998367297
1.482436239	625.478830977931
1.482965829	-11850.211163554046
1.483495797	768.6236755119215
1.484026145	-13565.017443885718
1.484556871	1442.8941861939836
1.485087978	-1112.5689500001647
1.485619465	2325.3132259917174
1.486151332	-1147.1143230133207
1.48668358	1883.6171134319673
1.48721621	-4868.6590684458815
1.487749221	1262.0913133216898
1.488282615	-5198.452745591809
1.488816391	1000.3784052365038
1.48935055	
1.489885093	2667.1409923917367
1.490420019	-1927.5780913076815
1.49095533	44046.59552591013
1.491491025	166.69854209778399
1.492027106	18735.462814780905
1.492563572	-1186.8010300548744
1.493100423	5104.588240557146
1.493637662	-6795.793295103459
1.494175287	1346.47361488792
1.494713299	-1986.05301715165
1.495251699	1122.229413427471
1.495790486	
1.496329662	959.540343522693
1.496869227	
1.497409182	
1.497949526	
1.49849026	
1.499031384	
1.4995729	
1.500114807	-1894.8070168545682
1.500657106	
1.501199796	-1825.893525666885
1.50174288	2401.4682905824025
1.502286357	-1070.5325226012803
1.502830227	1359.2289276783515
1.503374491	
1.50391915	580.4345126976699
1.504464203	
1.505009651	1824.0724247854864
1.505555496	
1.506101736	
1.506648373	
1.507195406	
1.507742838	-1282.6771424498525
1.508290666	
1.508838894	-1037.9588890384243
1.509387519	
1.509936544	-2560.090059312426
1.510485969	2401.663259778134
1.511035793	
1.511586018	1098.3770621892122
1.512136644	
1.512687671	1917.4380977045757
1.5132391	
1.513790931	
1.514343164	
1.514895801	
1.515448841	-6235.568079270094
1.516002285	
1.516556134	-3100.718925757367
1.517110387	
1.517665046	-2300.5919911951696
1.51822011	
1.518775581	-14902.569120295819
1.519331458	4379.353696359841
1.519887742	
1.520444433	4593.737614002893
1.521001533	
1.521559041	10502.586559530522
1.522116958	
1.522675284	
1.52323402	
1.523793166	4037.7265777406096
1.524352723	
1.52491269	
1.52547307	
1.526033861	2843.2805236250565
1.526595065	
1.527156682	
1.527718712	-16283.98888499673
1.528281156	
1.528844014	-21515.260268017515
1.529407287	
1.529970976	-7687.307804711073
1.530535079	6483.456576785496
1.531099599	-1589.7218425003045
1.531664536	
1.53222989	
1.532795661	1323.7237791871894
1.53336185	
1.533928458	4308.881401542174
1.534495484	
1.53506293	
1.535630796	
1.536199082	
1.536767788	-7851.033656243474
1.537336916	
1.537906466	-2812.4196969399445
1.538476438	
1.539046832	-1649.7943333368733
1.53961765	1478.6979016310656
1.540188891	
1.540760556	709.1277941304105
1.541332646	
1.541905161	432.1479546187542
1.542478101	
1.543051467	4419.416247550305
1.54362526	
1.544199479	
1.544774126	
1.545349201	
1.545924704	-7753.136149013594
1.546500635	
1.547076997	-6154.7325904072195
1.547653787	974.3872933010506
1.548231009	
