Date:	Monday, March 30, 2026, 5:45 PM
Measurement type:	Photoluminescence
Temperature: 	9.813 K
Integration time:	0.500 s
Excitation power:	14.58902 nW
Center wavelength	1078.132 nm / 1.150 eV
Dispersion window:	304.943 nm / 0.332 eV
Entrance slit width:	0.501 mm
Exit slit width:	0.000 mm
 	
Energy 	Powerspectrum 
(eV)	(Counts/0.500s)
Excitation power	88.42mW
	
1.007751232	-35.85305177504626
1.007995217	-50.49420405885965
1.008239321	-44.61152191645682
1.008483543	-49.39538703473595
1.008727883	-61.24672073848409
1.008972341	-29.420898765472398
1.009216918	-67.1913017881505
1.009461614	-31.576220603744765
1.009706428	-59.1028265816377
1.009951361	-24.419504448848638
1.010196413	-37.370377683037674
1.010441584	-33.29167523204621
1.010686874	-34.278685845793845
1.010932283	-37.70020683264635
1.011177812	-32.02857922941693
1.011423459	-35.77698578524767
1.011669226	-31.238678950655178
1.011915113	-35.72755241900903
1.012161119	-45.76636441831342
1.012407244	-26.911643698937095
1.01265349	-44.353346294278005
1.012899855	-17.25651357884179
1.01314634	-47.686985188235006
1.013392945	-18.298518565808305
1.01363967	-39.41556424719858
1.013886515	-23.072976631167855
1.014133481	-27.468321341968654
1.014380567	-23.96825087420552
1.014627773	-17.061669519171858
1.0148751	-24.54281842143381
1.015122548	-26.82395195955325
1.015370116	-27.851011652615647
1.015617805	-27.772968987797803
1.015865614	-20.431969004765676
1.016113545	-34.085510648342755
1.016361597	-17.945254072578976
1.01660977	-30.5602444192632
1.016858064	-11.004366694140069
1.01710648	-25.131515846186833
1.017355017	-13.084208977362476
1.017603675	-22.767600865816988
1.017852455	-16.432367207521644
1.018101357	-24.22621985882411
1.01835038	-21.69436405506956
1.018599525	-19.446424770838803
1.018848793	-15.564339730988612
1.019098182	-24.773467839022537
1.019347693	-19.81827420407604
1.019597327	-23.54429353656957
1.019847083	-11.756628358965099
1.020096961	-23.39098738253539
1.020346962	-12.643492924235911
1.020597085	-23.34116948378422
1.020847331	-9.706879655815081
1.0210977	-20.138896919979167
1.021348191	-12.467389969260308
1.021598806	-12.488833570687806
1.021849543	-11.717372742663262
1.022100404	-13.623075947578402
1.022351387	-10.464006217629501
1.022602495	-14.659787928149111
1.022853725	-10.257653766445653
1.023105079	-15.821706100121975
1.023356556	-8.490207595117777
1.023608158	-13.36925469687397
1.023859883	-7.628955805816459
1.024111731	-15.21695074710242
1.024363704	-8.118124041425377
1.024615801	-13.862317655032315
1.024868022	-7.056418500742294
1.025120367	-11.304940399959186
1.025372836	-8.3446462229556
1.02562543	-9.15749987107416
1.025878148	-5.492824783607587
1.026130991	-8.293350677841142
1.026383958	-5.261951136832137
1.02663705	-8.353914708849363
1.026890267	-2.902372564049232
1.027143609	-7.133533525509236
1.027397076	-6.385688295311934
1.027650668	-1.013722862026138
1.027904386	-4.160241958161781
1.028158228	-4.243855690116575
1.028412196	-6.069655877287581
1.02866629	-8.905382634050865
1.028920509	-1.653105515483808
1.029174854	-5.45531598663577
1.029429325	-1.8605208134161626
1.029683921	-5.0319146982024145
1.029938643	-0.37675285845004536
1.030193492	-3.3364132057734537
1.030448467	-0.817265456523792
1.030703568	-0.6946159962735972
1.030958795	-0.5351968556801068
1.031214148	1.6570586324003334
1.031469629	-1.196662112588002
1.031725236	1.9495438626587338
1.031980969	-0.7888551257285542
1.032236829	-3.450773492381814
1.032492817	-0.5914639832094036
1.032748931	-0.6260200243189089
1.033005172	3.250585286393565
1.033261541	-1.484501608826338
1.033518037	5.032471436621518
1.03377466	-0.7067651326825104
1.03403141	5.861302249409893
1.034288289	1.6412673239217572
1.034545294	3.338292053145651
1.034802428	6.29054068910086
1.03505969	3.3083943240948694
1.035317079	6.528297115576385
1.035574597	1.906248382634446
1.035832242	5.712020405135234
1.036090016	3.9306561889700204
1.036347918	2.809332059401359
1.036605949	5.381625302244923
1.036864108	-0.1339996346989479
1.037122396	7.884273296133015
1.037380812	3.791099401229793
1.037639357	7.502747170114945
1.037898032	6.99509872755232
1.038156835	7.744767116856433
1.038415767	9.00635497409257
1.038674828	7.686961990546897
1.038934019	11.54105287085345
1.039193339	6.185625535564444
1.039452789	9.850993565894495
1.039712368	6.889572832688713
1.039972077	8.379858915207976
1.040231916	10.047787005842194
1.040491884	8.088592759635644
1.040751983	10.814711325054486
1.041012211	8.235970351784358
1.04127257	12.05386575145605
1.041533059	10.366676907403983
1.041793679	11.5408005910867
1.042054428	11.773651953073566
1.042315309	11.688844542345457
1.04257632	13.533186099204473
1.042837462	11.470695267591346
1.043098734	14.804629835357222
1.043360138	12.287565247158504
1.043621673	12.021231034802987
1.043883339	12.050270068855156
1.044145136	12.149576101507812
1.044407064	14.32608497434567
1.044669124	12.90047546931635
1.044931315	16.113804679811732
1.045193638	13.72481377486215
1.045456093	16.524829967560187
1.04571868	16.90248680265595
1.045981398	16.192238464104527
1.046244249	16.916804459324094
1.046507232	16.22545219237557
1.046770347	17.853723264421724
1.047033594	15.790488064955142
1.047296974	19.045818289612555
1.047560486	18.561638177522557
1.047824131	17.481510409453087
1.048087909	19.544934658146285
1.048351819	19.44124035125541
1.048615863	20.08506750960302
1.048880039	20.159401866754152
1.049144349	20.29537849244341
1.049408792	21.67811296059962
1.049673368	22.023595261349513
1.049938078	22.986718850342136
1.050202921	21.57908797289935
1.050467898	22.015604666916946
1.050733008	21.84198671727765
1.050998253	23.95463707932892
1.051263631	24.214872181988387
1.051529144	24.442443342152
1.05179479	23.75457066260315
1.052060571	24.582740394343997
1.052326486	25.299428591149457
1.052592536	25.68894998740226
1.05285872	24.6132681780458
1.053125039	26.61580746948296
1.053391493	25.773845206846246
1.053658081	26.71617153788601
1.053924805	27.337580204841252
1.054191663	26.61274489321933
1.054458657	27.733116906111853
1.054725786	27.0784136989773
1.05499305	28.928372623061584
1.05526045	29.062221210823417
1.055527986	28.82579253184846
1.055795657	31.479408985768803
1.056063464	30.276151347662474
1.056331407	31.00841931122716
1.056599486	29.896179733448502
1.056867701	31.6779536596743
1.057136052	31.156218805484553
1.057404539	31.861368408798167
1.057673163	33.26752856056742
1.057941923	32.46376790997503
1.05821082	33.422187989391226
1.058479854	33.08957776289658
1.058749025	36.03576625861178
1.059018332	35.558639086084895
1.059287777	35.981373525856576
1.059557358	36.89196868552762
1.059827077	35.9828789092286
1.060096934	38.44629149861447
1.060366927	37.13292583181366
1.060637059	38.80549910707232
1.060907328	37.836172652846734
1.061177734	38.68828782754306
1.061448279	39.49027624572554
1.061718962	39.92111587469124
1.061989782	40.54960901112825
1.062260741	40.72996791240815
1.062531838	41.69406646914833
1.062803074	41.67052604817589
1.063074448	42.560778320799095
1.063345961	43.25382592021783
1.063617612	42.55514962829031
1.063889403	45.553763775001066
1.064161332	43.764298267035954
1.0644334	46.01573470125835
1.064705608	44.19633118025457
1.064977954	45.825431618265775
1.06525044	46.368238940939776
1.065523066	46.87739672415939
1.065795831	47.996324753026315
1.066068736	48.281993413637295
1.06634178	49.35169080451316
1.066614965	50.08210350611195
1.066888289	50.59627660239061
1.067161754	52.145305534193646
1.067435359	50.94109924689194
1.067709104	54.0274953169622
1.06798299	52.38987888436121
1.068257016	54.42900584110608
1.068531183	53.03331102410352
1.06880549	55.361234625482986
1.069079939	55.168828405953626
1.069354528	56.10192859338444
1.069629259	56.692889390401085
1.06990413	57.55241896790293
1.070179143	57.986964940368644
1.070454298	59.89070169351648
1.070729594	59.845400388709635
1.071005031	61.62053000047619
1.071280611	60.58020916256259
1.071556332	62.982402098959106
1.071832195	62.159346418876446
1.0721082	64.72549802076469
1.072384348	64.60487621042573
1.072660638	66.45997095248406
1.07293707	65.82608483574623
1.073213644	68.48637405149054
1.073490362	67.91432120962483
1.073767222	69.13604231318898
1.074044225	69.48635073473963
1.07432137	71.81789765198936
1.074598659	71.38082891833726
1.074876091	72.54986530192488
1.075153667	73.07511738291974
1.075431385	74.44563736772281
1.075709248	74.54721324934269
1.075987254	76.24829964144133
1.076265403	77.44104302933782
1.076543697	79.4332376443288
1.076822134	79.10562224552363
1.077100715	81.41201998489407
1.077379441	81.12346685820249
1.077658311	83.08285410774054
1.077937325	82.04092753277776
1.078216484	85.23910538155188
1.078495788	84.00864541364015
1.078775236	86.25812110613832
1.079054829	85.66305434315127
1.079334567	88.12089040779126
1.07961445	88.89116329277316
1.079894479	90.30316220586901
1.080174652	90.95146211408766
1.080454971	92.01359023089395
1.080735436	92.64206277846102
1.081016046	94.46295705235633
1.081296802	93.84958318804155
1.081577704	96.59595505247832
1.081858752	95.97817378774529
1.082139946	98.36330560162929
1.082421286	97.72307285044934
1.082702772	100.14852295319152
1.082984405	99.18986986392031
1.083266185	101.74912921204233
1.083548111	102.11581223606238
1.083830184	103.04893393896697
1.084112403	104.85773982004008
1.08439477	105.94084803863666
1.084677284	106.28801383262629
1.084959945	107.29028014438177
1.085242754	107.75981585702392
1.08552571	109.5659573727439
1.085808814	109.933900960035
1.086092065	112.92363136103083
1.086375464	112.19854279943341
1.086659011	114.21436756090603
1.086942706	114.79481263591153
1.08722655	116.92453123141848
1.087510541	117.26326505403537
1.087794681	118.47724654532229
1.08807897	119.45753579499072
1.088363407	121.40924108741626
1.088647993	122.61081721567236
1.088932727	124.03720243244999
1.089217611	124.1263460239756
1.089502644	126.01514546912374
1.089787826	125.83346730541142
1.090073157	128.4903195145867
1.090358638	128.83982563087648
1.090644269	130.957510328661
1.090930049	131.092559280466
1.091215979	133.13517212702462
1.091502058	133.03518438304485
1.091788288	135.38877000907092
1.092074668	135.31405447050219
1.092361199	137.09611632083912
1.092647879	137.74566260216523
1.09293471	139.887791060361
1.093221692	139.8001002172931
1.093508825	142.34429022865228
1.093796108	143.33604565479044
1.094083543	144.7254423292876
1.094371128	146.26140417933067
1.094658865	148.12355891616508
1.094946753	148.91931219261375
1.095234793	150.6952079201646
1.095522984	152.04889256022915
1.095811327	154.57081262421332
1.096099821	154.89047352733124
1.096388468	157.5999267604943
1.096677267	157.83416042128204
1.096966218	160.8804769245138
1.097255321	161.4250471699385
1.097544577	162.94205420520623
1.097833985	163.47617190383284
1.098123546	165.68866958726483
1.098413259	166.57848942037134
1.098703126	169.05063731381807
1.098993145	170.35384801902254
1.099283318	171.48703842089273
1.099573644	172.53447646417
1.099864123	174.555804147041
1.100154756	175.7192488689326
1.100445543	179.40507121243135
1.100736483	179.28628846302712
1.101027577	182.53568270900436
1.101318825	181.92808278720315
1.101610228	185.0614411162681
1.101901784	185.4863443527889
1.102193495	188.45735767941167
1.10248536	188.81705952485777
1.10277738	191.30315375578232
1.103069555	192.11316392066178
1.103361885	195.88967917882388
1.103654369	197.25341740739918
1.103947009	199.4156588776888
1.104239804	199.15178178353378
1.104532754	203.2154302573583
1.10482586	203.16169980785696
1.105119122	206.78242739318648
1.105412539	207.54269347658612
1.105706112	210.74181040791143
1.105999841	212.122084617286
1.106293726	214.9601532819804
1.106587767	215.21763162159147
1.106881964	218.1342805343455
1.107176318	219.20785414671104
1.107470829	222.4970715462752
1.107765497	223.1781719068688
1.108060321	226.43263559493153
1.108355302	227.41758901465428
1.10865044	230.60848990246558
1.108945736	230.73139632074242
1.109241189	233.0034048389942
1.109536799	233.97920339046615
1.109832567	237.01980919756383
1.110128493	237.85774659892107
1.110424576	241.84610482374296
1.110720818	243.1017604117665
1.111017217	244.98861087682207
1.111313775	246.29503282195944
1.111610491	248.87058461212806
1.111907366	250.66746502243296
1.112204399	252.94597205610617
1.112501591	253.8172610240626
1.112798942	256.68998823529955
1.113096452	258.2385099559324
1.113394121	260.9404194332832
1.11369195	263.53642160665936
1.113989937	265.2445883252344
1.114288084	268.5103546353323
1.114586391	270.80313073142713
1.114884858	271.7399178538277
1.115183484	275.85643027670994
1.115482271	277.8433355995735
1.115781217	280.96384548273414
1.116080324	281.3901542809488
1.116379592	284.5589253602932
1.116679019	286.5266607886879
1.116978608	290.13094069354827
1.117278357	291.17313170554377
1.117578268	293.0138439690029
1.117878339	295.6968626962355
1.118178571	298.10943131315446
1.118478965	300.7396698007563
1.11877952	302.92046601627067
1.119080237	307.00803873445676
1.119381116	309.507445022802
1.119682156	312.49648940934355
1.119983358	314.68997568071626
1.120284723	316.5991031449741
1.120586249	319.0641057827141
1.120887938	322.4586678037979
1.12118979	325.9011016264326
1.121491804	327.3939752895404
1.12179398	328.4657820501254
1.12209632	331.13831079868316
1.122398823	334.52919427434074
1.122701489	337.8469856605169
1.123004318	342.2944830260023
1.12330731	343.3725969042572
1.123610467	345.1031745377423
1.123913786	348.87776454391525
1.12421727	351.0490263873775
1.124520917	354.8533791078969
1.124824729	355.96567252225014
1.125128705	360.3450182989052
1.125432845	363.3073182499125
1.12573715	366.7707572384999
1.126041619	368.8959956702248
1.126346253	371.7138880261167
1.126651052	374.40071566531014
1.126956015	375.940493941533
1.127261144	379.2050291097661
1.127566439	380.64444995901766
1.127871898	385.1055605489531
1.128177523	387.9442597996165
1.128483314	391.44408603642364
1.128789271	394.8140628496221
1.129095394	396.67920404228585
1.129401682	399.87317000741086
1.129708137	402.40872238680504
1.130014759	405.9373632608519
1.130321546	408.9538964433917
1.130628501	410.50727161669784
1.130935622	412.9582790013926
1.13124291	415.74475610290136
1.131550365	418.50188679989856
1.131857987	421.96893487144644
1.132165777	425.47227914516003
1.132473734	428.6537144479795
1.132781859	430.21542854765704
1.133090151	432.5565945919924
1.133398611	436.37571727315986
1.133707239	438.0593027052417
1.134016036	441.28469339226086
1.134325	443.3792843969524
1.134634133	445.65163978331464
1.134943434	448.33440678392583
1.135252905	450.7908230039926
1.135562544	454.35126989982376
1.135872352	455.76247507251975
1.136182329	458.1609598986594
1.136492475	461.4105524291283
1.13680279	463.08592816389495
1.137113276	465.1877219217186
1.13742393	467.53315122434503
1.137734755	470.4200660722505
1.138045749	471.8413964220606
1.138356914	473.7260237249779
1.138668249	475.56534996832903
1.138979754	478.0762256970064
1.139291429	479.87950023932206
1.139603276	479.2524433485343
1.139915293	482.2522885150196
1.14022748	484.15576960136815
1.140539839	486.3828451632606
1.140852369	488.5433535254311
1.141165071	490.982686012815
1.141477944	492.33487155030355
1.141790988	494.0104628075278
1.142104204	495.3312871259904
1.142417593	495.5411621938524
1.142731153	497.8698887658361
1.143044885	499.3242297886411
1.14335879	501.91861462768543
1.143672867	502.65000721917283
1.143987117	504.4912344807209
1.144301539	505.37698926285196
1.144616134	506.6057752612584
1.144930903	508.97430941879105
1.145245844	510.75365243815133
1.145560959	511.96352939855177
1.145876248	510.66202130639346
1.146191709	512.3857605203474
1.146507345	514.6345540686051
1.146823155	516.6488493549865
1.147139138	518.3917534629882
1.147455296	519.0629921367373
1.147771628	520.0109861905603
1.148088134	521.0862043844818
1.148404816	521.6252798550515
1.148721671	522.7071700151023
1.149038702	524.5953107750747
1.149355908	524.3155943895177
1.149673289	525.8037201329321
1.149990845	526.1013488436266
1.150308577	527.6289774599826
1.150626485	527.8305202746669
1.150944568	528.705368669693
1.151262827	529.7035102538765
1.151581262	531.5215584015057
1.151899873	531.4544714884744
1.152218661	531.9601534731887
1.152537625	533.7557384264875
1.152856766	532.5421600327376
1.153176084	534.5933943390411
1.153495578	536.0241506671514
1.15381525	538.6670183582298
1.154135099	539.6107132822342
1.154455125	538.3803741801706
1.154775329	539.0358474214598
1.155095711	538.1085524918775
1.15541627	540.0356420014459
1.155737007	540.5539549103248
1.156057923	541.489677670729
1.156379016	541.2635234743475
1.156700288	541.912482446841
1.157021739	543.7379593756066
1.157343368	543.7958483016428
1.157665177	545.0339148865916
1.157987164	544.1226647890162
1.15830933	545.8240639110531
1.158631676	546.0999048844257
1.158954201	548.3107062753043
1.159276906	547.7395506007949
1.15959979	548.147616646558
1.159922855	548.1060411215789
1.160246099	548.1816383917486
1.160569524	550.282121178904
1.160893129	550.099063654485
1.161216915	551.3259751196059
1.161540881	549.8188379411943
1.161865028	551.4116002049374
1.162189356	551.2168876885809
1.162513865	552.3092221906887
1.162838556	552.40419342929
1.163163428	552.0954510999453
1.163488481	552.500635838811
1.163813716	552.7480641217523
1.164139133	555.0744378868598
1.164464732	553.606681169987
1.164790514	555.6548617428161
1.165116477	554.0843610403826
1.165442623	556.2416919985034
1.165768952	556.0457725807601
1.166095464	557.2196166365031
1.166422158	556.6009767736329
1.166749036	555.9352121362384
1.167076097	557.2915851429702
1.167403341	557.6274536642208
1.167730769	558.4200504565623
1.16805838	556.8877471329477
1.168386176	558.2737649557249
1.168714155	557.6183381420318
1.169042319	558.5056643720558
1.169370667	558.054469136462
1.169699199	557.407172712043
1.170027916	557.6251509436503
1.170356818	559.2555326195866
1.170685905	559.3315536030252
1.171015177	558.6747700072727
1.171344635	559.2911448272591
1.171674277	559.3173949345057
1.172004106	561.0208077425344
1.17233412	559.9059798291935
1.17266432	561.3697557253637
1.172994706	560.6503768008829
1.173325278	560.9794641745677
1.173656037	560.6741439762008
1.173986982	560.3235520525992
1.174318114	560.3631264677514
1.174649433	560.0161340351846
1.174980938	561.8069432838213
1.175312631	561.2661375397411
1.175644511	561.7231236697805
1.175976579	560.8897748940044
1.176308834	560.60700325825
1.176641278	560.4938164072933
1.176973909	559.9536845560016
1.177306728	561.2390779366914
1.177639735	560.5013871101021
1.177972931	561.0782465162025
1.178306316	560.4626779528921
1.178639889	561.272273618027
1.178973651	561.1454977347482
1.179307603	558.9947159372979
1.179641743	560.5571989919666
1.179976073	559.8474504859071
1.180310593	559.5449447346126
1.180645302	558.8238291258432
1.180980201	559.9017766439803
1.18131529	558.300083113282
1.18165057	558.3161755434797
1.181986039	558.4555879957203
1.1823217	557.9097477596921
1.182657551	558.6612051332576
1.182993592	557.1046777573246
1.183329825	556.9036707059583
1.183666249	556.4084553608186
1.184002865	556.6157736946279
1.184339672	556.3925721236833
1.18467667	554.0865693398916
1.185013861	554.6740615647564
1.185351243	554.979738676834
1.185688818	554.6012611772576
1.186026585	554.2917265204941
1.186364544	555.0950218025686
1.186702696	553.8642235089187
1.187041041	552.2714233172662
1.187379579	552.6054497271888
1.18771831	550.6291164609319
1.188057234	549.6555279964902
1.188396352	549.0851995066089
1.188735663	550.0176694919751
1.189075169	550.0688957460665
1.189414868	548.7212135030159
1.189754761	548.218497227256
1.190094849	547.4052541018895
1.190435131	546.7385674376735
1.190775608	545.5874824092457
1.19111628	544.9168440720302
1.191457146	544.3304923500501
1.191798208	544.1114633243119
1.192139465	544.3380192408601
1.192480918	544.1041233741578
1.192822566	542.6484149492757
1.19316441	541.8081017487722
1.193506451	541.7077682223247
1.193848687	541.199954017068
1.194191119	539.7030793088721
1.194533748	539.1132613301533
1.194876574	539.6858131026007
1.195219597	538.2841270549379
1.195562816	537.2641281953713
1.195906233	537.1921560570042
1.196249847	535.0322182455151
1.196593659	535.8011576986731
1.196937668	535.4142198451491
1.197281875	536.078480273238
1.19762628	534.3551415860197
1.197970884	533.4967563872639
1.198315685	531.738354435123
1.198660686	531.0888228894498
1.199005885	531.5136805642367
1.199351283	531.0847035333801
1.19969688	530.8359532555004
1.200042676	529.3195010118395
1.200388671	528.9319693869037
1.200734866	527.4030252848437
1.201081261	529.5007141085715
1.201427856	526.8550726336496
1.201774651	527.7076186832371
1.202121646	526.806942603472
1.202468842	525.8296613879945
1.202816238	525.1249831977518
1.203163835	523.7799832751018
1.203511633	523.9243531741148
1.203859632	524.017367655576
1.204207832	524.4100542949092
1.204556234	522.8927560547193
1.204904838	521.2425940026083
1.205253643	521.2604778546545
1.20560265	520.5380654990815
1.20595186	521.8129891999328
1.206301272	520.5503783551766
1.206650886	521.3078844509802
1.207000703	519.5473922214484
1.207350723	519.495599793836
1.207700947	517.8383896366335
1.208051373	518.7696401685774
1.208402003	518.9643643022457
1.208752836	518.9256305055917
1.209103873	518.0842675392196
1.209455114	516.4735351969546
1.209806559	516.5243397614272
1.210158209	516.5475366963753
1.210510063	515.3269273304743
1.210862122	513.1622659832324
1.211214385	514.4405051296861
1.211566854	513.6715255482625
1.211919527	512.2148168564179
1.212272406	512.415133141587
1.212625491	512.0260795494536
1.212978782	510.61039078702703
1.213332278	510.21605350910113
1.21368598	511.384765066917
1.214039889	508.1652377712464
1.214394004	509.46581279571217
1.214748326	507.8492438467956
1.215102855	508.32531216259594
1.21545759	506.79580191761306
1.215812533	506.60529272712904
1.216167683	507.5443639781449
1.216523041	505.10319061202085
1.216878606	504.1064536134631
1.21723438	501.3298254549164
1.217590361	502.6821866241185
1.217946551	500.84972869776993
1.218302949	500.52829781407934
1.218659556	499.4142370266695
1.219016371	498.932750748213
1.219373396	497.04246735011793
1.21973063	496.13070904742034
1.220088073	496.5807354967709
1.220445726	494.34660298364054
1.220803588	494.57170202321606
1.221161661	492.9561207007833
1.221519943	492.1758984087144
1.221878436	490.3744548656945
1.22223714	490.7774531689261
1.222596054	489.2561167140446
1.222955178	487.32926259317355
1.223364905	485.7985505708145
1.223725544	486.70148255125844
1.224086396	483.9386211555998
1.22444746	482.4922892080631
1.224808738	482.0333048312858
1.225170229	480.24010229974436
1.225531933	480.32586054213635
1.225893851	477.48419347111434
1.226255983	477.093857127957
1.226618329	475.15203388293486
1.226980889	475.128034087061
1.227343663	475.46227178898334
1.227706652	472.25472624952977
1.228069856	472.4771036806386
1.228433274	473.1193241250849
1.228796908	469.0762511976561
1.229160757	468.4175556043402
1.229524822	468.3915376706971
1.229889103	465.46305128641154
1.230253599	465.8646314218524
1.230618312	463.91110206488787
1.23098324	461.6830281448931
1.231348386	461.8495799097242
1.231713748	459.3136998452051
1.232079326	459.2850375354924
1.232445122	460.93179555319585
1.232811136	456.53635628497585
1.233177366	455.1875146195606
1.233543815	451.9919224367501
1.233910481	453.05168201818253
1.234277365	452.17780121943855
1.234644468	452.64129501208384
1.235011788	450.9788671312248
1.235379328	450.0907287292252
1.235747086	448.4068880773804
1.236115064	446.9281644977651
1.23648326	447.1396107015943
1.236851676	444.47930724848544
1.237220312	443.35047151743737
1.237589167	442.5616608326232
1.237958243	441.7137718139156
1.238327538	440.26993071657307
1.238697054	439.2463537109106
1.239066791	438.1803999826423
1.239436748	436.8502564462046
1.239806927	435.1530066609572
1.240177326	434.4333565687317
1.240547947	432.8267281936363
1.24091879	430.8502068673761
1.241289854	431.7569509932493
1.24166114	431.5097932765806
1.242032649	427.7201540914755
1.24240438	426.6156483781571
1.242776333	424.3256025833365
1.243148509	423.8751898604979
1.243520909	423.0632537875522
1.243893531	423.1460985399943
1.244266377	420.61134582207404
1.244639446	418.8639768198215
1.245012739	419.4677383683583
1.245386256	414.2844056520923
1.245759998	414.731796798362
1.246133963	412.83947600392383
1.246508154	412.48097962626696
1.246882569	410.96494568964704
1.247257209	407.6614777837822
1.247632074	406.84565855036624
1.248007165	402.2754099486397
1.248382481	404.5181819357534
1.248758023	400.92876856552346
1.249133791	400.3888557432056
1.249509785	399.8434006972971
1.249886006	396.2709833490604
1.250262453	396.3472045369027
1.250639127	396.1553843837273
1.251016029	393.08153760358937
1.251393157	394.900544884026
1.251770513	391.52895107023653
1.252148096	388.51149170936816
1.252525908	389.01936714245716
1.252903947	384.0366224095017
1.253282215	385.75958284985757
1.253660711	384.10028821997554
1.254039436	381.8154694421494
1.25441839	381.6642508199328
1.254797573	380.3518664041626
1.255176985	378.08675163185575
1.255556627	375.9037808710795
1.255936498	376.86959786611436
1.256316599	372.8766037923371
1.256696931	373.191090420482
1.257077493	369.943547817347
1.257458285	369.4655119979329
1.257839308	368.9785587841914
1.258220562	366.6482953164633
1.258602048	367.1171301059783
1.258983764	364.986921723062
1.259365713	362.5751530266608
1.259747893	361.85452266740305
1.260130305	361.93940661589943
1.260512949	357.24538871559724
1.260895826	359.13992880010017
1.261278936	355.9069643975004
1.261662278	356.41553536397294
1.262045854	356.8398397579685
1.262429663	353.0676535202654
1.262813705	353.52263315524687
1.263197981	351.12530132510676
1.263582491	350.2290242085034
1.263967235	349.8569427756089
1.264352214	348.58891644431463
1.264737427	348.22536823333513
1.265122875	347.08044027720274
1.265508558	346.622980757776
1.265894476	344.87867121803555
1.26628063	344.7110702605784
1.266667019	342.8857372248393
1.267053644	344.7940056794113
1.267440505	341.77006260520545
1.267827603	339.33708460260453
1.268214937	340.0986535349936
1.268602508	336.7830066633355
1.268990315	338.2626198560102
1.26937836	336.9430167810854
1.269766643	335.3484088510068
1.270155163	334.764840938037
1.27054392	332.9948281731977
1.270932916	332.42534597855877
1.27132215	332.7574413216088
1.271711623	329.9682150601833
1.272101334	331.88674710075003
1.272491284	330.51000567023476
1.272881474	330.6819129013739
1.273271902	331.0818405975815
1.273662571	325.5204502467398
1.274053479	327.7560701106168
1.274444627	325.4446177525733
1.274836015	326.00799284069996
1.275227644	326.91410951544367
1.275619514	323.74528110279454
1.276011624	322.8407497675271
1.276403976	321.22284594640644
1.276796569	320.6190951293215
1.277189403	320.4140038917662
1.277582479	317.5205482085747
1.277975798	317.9419847121476
1.278369358	317.4154115896115
1.278763161	316.6205010700097
1.279157207	316.1799912268311
1.279551496	313.80470167839616
1.279946028	312.3135884372772
1.280340803	311.7343450587108
1.280735822	309.5389100893229
1.281131084	309.1375639852232
1.281526591	309.51093511001574
1.281922342	305.11251843600513
1.282318337	304.0716848164197
1.282714578	304.2035645837467
1.283111063	302.1333983538181
1.283507793	304.0150323298911
1.283904769	302.7930540868889
1.28430199	300.94513400329515
1.284699457	299.2849309051255
1.285097171	296.76977760371796
1.28549513	295.94729957474044
1.285893337	296.7688927631595
1.28629179	293.989411572266
1.286690489	295.03027334945205
1.287089437	291.854337534622
1.287488631	291.39859182515227
1.287888074	291.69053404554046
1.288287764	289.62432384424324
1.288687703	288.90268403681813
1.289087889	287.3037813757766
1.289488325	287.519834458609
1.289889009	285.3685629267272
1.290289943	287.4095949200311
1.290691126	284.28841120960686
1.291092558	281.7183560496089
1.29149424	281.0957811630927
1.291896172	280.28313744089536
1.292298354	281.99599285738344
1.292700787	280.672325788916
1.293103471	279.1278786361379
1.293506405	275.4464464003838
1.293909591	275.972078945268
1.294313028	277.60018154938865
1.294716717	276.30225636718194
1.295120658	275.97432013623484
1.295524851	274.4557973700778
1.295929296	272.2352331166594
1.296333994	272.75117290131243
1.296738944	272.665168879235
1.297144148	272.83351335316115
1.297549605	269.57910671616224
1.297955316	270.67253354265324
1.29836128	268.4478958166768
1.298767498	269.67093075251415
1.299173971	267.0650587707616
1.299580698	269.67227994425616
1.29998768	263.98149691203156
1.300394917	265.65797635110573
1.300802409	267.1256782757322
1.301210157	262.2652030453882
1.30161816	265.35153030762393
1.302026419	263.03777067965524
1.302434935	260.2956895468635
1.302843707	262.8038343832955
1.303252735	262.08050095402695
1.30366202	259.75672649796695
1.304071563	259.28119182296075
1.304481363	257.9957724688199
1.304891421	257.53171476939724
1.305301736	255.37836304567676
1.30571231	256.3586024892052
1.306123142	255.2563929209239
1.306534232	252.08072463643086
1.306945582	254.91797665532417
1.30735719	251.74891204357903
1.307769058	250.45452884334517
1.308181186	251.2013961011754
1.308593573	249.8117343092526
1.30900622	251.0632262922527
1.309419128	249.32432069585678
1.309832297	251.05491364090602
1.310245726	249.23670609179112
1.310659416	246.73756190977844
1.311073367	245.79105516507252
1.31148758	243.0381498365403
1.311902055	241.7317142902564
1.312316792	242.51358744730473
1.312731792	241.03906720000342
1.313147053	239.24104129097034
1.313562578	239.19864904697332
1.313978366	236.08063319937298
1.314394417	234.71400970329373
1.314810731	236.72494217798618
1.315227309	234.66244718233182
1.315644152	233.48355398855853
1.316061259	234.16546137361775
1.31647863	233.51760569825692
1.316896266	232.09386051228103
1.317314167	231.38374583208034
1.317732334	228.61670937426558
1.318150766	225.79963945455552
1.318569463	228.03102075601424
1.318988427	224.86703304931183
1.319407658	225.3907199298492
1.319827154	222.93972431075687
1.320246918	221.94835506965842
1.320666949	220.57161655434192
1.321087247	220.34380744968058
1.321507813	220.47265896272035
1.321928646	217.23287218030592
1.322349748	217.69603791906562
1.322771118	216.74576890919437
1.323192757	217.18520755875352
1.323614664	217.96772940769154
1.324036841	216.11636152054618
1.324459287	216.12138605948616
1.324882003	213.2336926405025
1.325304988	214.9985294508306
1.325728244	212.95895473400842
1.326151771	210.74746799446814
1.326575568	212.16595719209295
1.326999635	209.78607404235362
1.327423975	210.36428066871827
1.327848585	213.03988671521356
1.328273468	210.45891088996711
1.328698622	213.3684410948851
1.329124048	214.23724511608572
1.329549748	208.26979974759485
1.329975719	211.4791212465514
1.330401964	209.23888971285297
1.330828483	208.09560932962398
1.331255274	210.99781357097822
1.33168234	209.04449737972064
1.33210968	209.339190119635
1.332537294	207.7014715463155
1.332965182	210.52239153011962
1.333393346	207.76124725693603
1.333821785	209.73193181145373
1.334250499	211.55891482727301
1.334679489	208.00504160985386
1.335108754	208.79418869526992
1.335538296	206.9602341622138
1.335968115	207.4238984643409
1.33639821	207.17234293666058
1.336828582	208.8153194988931
1.337259232	208.22236065938938
1.337690159	205.95734737644474
1.338121364	208.28006559922096
1.338552847	203.86973731679598
1.338984608	206.75600091811557
1.339416648	205.5772950778948
1.339848967	204.54987577801637
1.340281565	204.54140674282138
1.340714442	203.77941407008015
1.341147599	205.1334804622107
1.341581037	203.133170656016
1.342014754	203.67338796078835
1.342448752	203.37410589403763
1.342883031	203.5432658885479
1.34331759	203.81611181254613
1.343752431	201.93022696967284
1.344187554	200.27456066844053
1.344622959	199.2863545383879
1.345058646	199.60655338390558
1.345494615	198.87088800883495
1.345930867	199.78355388101772
1.346367402	199.63498952396242
1.34680422	198.4560474897826
1.347241321	198.52616207217477
1.347678707	197.22409298937194
1.348116377	196.29148843516182
1.34855433	194.86672102256367
1.348992569	195.17911521530664
1.349431093	193.82646200595443
1.349869901	190.94054795315137
1.350308996	191.8703237399527
1.350748375	191.92532251204892
1.351188041	192.4753742280098
1.351627994	192.22288862107396
1.352068233	191.7919387850385
1.352508758	191.73078569392578
1.352949571	192.48410964464702
1.353390672	189.42965505308743
1.35383206	188.72987618649805
1.354273736	187.52483655779386
1.3547157	185.7502242896745
1.355157953	187.4841780071603
1.355600495	187.43092305556442
1.356043326	186.95044433615627
1.356486446	186.65752580459943
1.356929856	186.6057666767915
1.357373556	184.0914496590632
1.357817546	184.45481478968733
1.358261827	185.1574576672328
1.358706399	183.8019054913981
1.359151262	186.0184999441847
1.359596416	184.6534702330714
1.360041862	181.51941721901943
1.360487599	182.15038383228753
1.360933629	182.69024815275353
1.361379952	181.03414700622437
1.361826568	182.3808766496052
1.362273476	180.49173219470896
1.362720678	179.5314227569566
1.363168174	179.53782015942448
1.363615964	180.05071004245855
1.364064048	182.58190688897807
1.364512426	179.94988158751877
1.3649611	180.06173894200649
1.365410068	180.47909291074154
1.365859333	177.62216640691284
1.366308892	179.9748215123436
1.366758748	176.97822157996086
1.3672089	177.20141023903952
1.367659349	178.3078037569639
1.368110095	177.30516544760914
1.368561138	176.12486444761356
1.369012478	174.242365527496
1.369464117	172.17033448692854
1.369916053	173.54429394570255
1.370368288	174.52786590889067
1.370820821	170.56803843714644
1.371273653	172.00094700481822
1.371726785	173.19110142863374
1.372180216	165.85531426845705
1.372633947	171.84062895787156
1.373087978	165.62384767793648
1.37354231	165.4819497562811
1.373996943	164.86464267150006
1.374451876	163.74527646566332
1.374907111	160.39495908036108
1.375362648	165.15733911619972
1.375818486	159.43574851882028
1.376274627	156.5196409898327
1.37673107	157.66109069183776
1.377187816	155.19890757684348
1.377644866	151.0517251401251
1.378102218	159.34752146236949
1.378559875	150.04119372415934
1.379017836	153.93146250978222
1.379476101	148.86182772670423
1.37993467	154.781204347647
1.380393545	146.9264032952401
1.380852725	154.49166854713314
1.38131221	144.35917071920397
1.381772002	149.8071723973384
1.382232099	143.004325871263
1.382692504	147.1005593222552
1.383153214	145.43717043698703
1.383614233	155.12264501124963
1.384075558	148.64261376980647
1.384537191	153.81384946963732
1.384999132	143.82314950075866
1.385461382	150.2666001862239
1.38592394	140.30236697078794
1.386386808	151.20396803320355
1.386849984	142.1405957755261
1.38731347	153.78089153319746
1.387777266	139.32255605695948
1.388241372	149.43684016544975
1.388705789	139.44940985633025
1.389170517	150.56686866365843
1.389635555	141.943437280403
1.390100906	144.12074476469374
1.390566568	133.32182702715846
1.391032542	144.46471823043487
1.391498828	137.0632126083184
1.391965427	150.34762781317616
1.392432339	140.00918835661278
1.392899565	143.94239680581924
1.393367104	139.34668283216817
1.393834957	141.28662852876025
1.394303124	135.0515870310991
1.394771606	150.5483431575407
1.395240403	133.04711226142706
1.395709516	125.90738376441938
1.396178943	133.318849295732
1.396648687	139.60205322343052
1.397118747	137.94156259624083
1.397589123	160.83381556952554
1.398059816	135.26211780051048
1.398530827	141.34790334896596
1.399002154	131.6576601891728
1.3994738	143.47112023978522
1.399945764	132.97852121959684
1.400418046	135.73274230451457
1.400890647	129.11450012540664
1.401363567	135.21739528258985
1.401836806	130.37883230272553
1.402310365	140.3102605577227
1.402784244	123.95824027198758
1.403258444	137.9954259708908
1.403732964	120.45660645123826
1.404207806	129.9032661315552
1.404682968	119.36901913165826
1.405158453	130.40831276739394
1.405634259	126.60928428779307
1.406110388	130.20432388655976
1.406586839	129.37906386708457
1.407063614	127.3384565965124
1.407540711	112.56490478407615
1.408018133	131.75843605166943
1.408495878	113.44402003677708
1.408973948	127.08037129231853
1.409452342	117.87606649326928
1.409931061	126.32519912512102
1.410410106	108.10728436997361
1.410889476	118.90935453589562
1.411369172	112.22954177467736
1.411849195	114.34684353649538
1.412329544	101.43203774876633
1.41281022	108.52521064688185
1.413291223	96.76418677105444
1.413772554	104.97370899481923
1.414254213	101.11185477189076
1.4147362	114.78517684938744
1.415218516	94.95508935034592
1.415701161	112.33426724839002
1.416184135	72.62882557950185
1.416667439	98.9657629295861
1.417151073	77.8128216524828
1.417635037	106.07526818233167
1.418119332	90.40711301895386
1.418603958	114.621159581586
1.419088915	62.666860885566926
1.419574204	95.0863529271606
1.420059825	60.272752451152364
1.420545778	91.47853205466903
1.421032064	84.46437358888859
1.421518683	111.38795184176175
1.422005636	86.09454346030772
1.422492922	105.95179007961397
1.422980542	81.19794998909389
1.423468497	116.30656614328198
1.423956786	74.77691399554446
1.42444541	97.47974996028748
1.42493437	47.1157743954709
1.425423666	105.91118241252897
1.425913298	20.78080679709629
1.426403266	98.71994430235827
1.426893572	34.01503896591663
1.427384214	87.27617431789764
1.427875194	85.97104919315531
1.428366512	83.8738771082486
1.428858168	68.13962828593272
1.429350163	99.89610660817436
1.429842496	34.15727360323087
1.430335169	85.54963828103364
1.430828182	146.27001636133394
1.431321534	83.83249343101366
1.431815227	27.624698014200806
1.43230926	99.19210330849552
1.432803635	24.621986103496727
1.433298351	95.931924081552
1.433793409	204.59039746425046
1.434288808	58.382096089805714
1.434784551	74.26931277733537
1.435280636	62.76909911791893
1.435777064	67.37793136433403
1.436273836	67.46925350316474
1.436770951	209.86406647891818
1.437268411	47.12694160738929
1.437766216	76.58651395882559
1.438264365	61.98695454506834
1.43876286	7.157093171251421
1.4392617	49.697372857202915
1.439760887	167.9100039712735
1.440260419	48.261218277086705
1.440760299	50.53672084602699
1.441260526	83.95940466734862
1.4417611	-70.89556248741766
1.442262022	28.874884418066348
1.442763292	225.93839140450837
1.443264911	-88.35816101558316
1.443766878	-45.588610604282245
1.444269195	13.63768786204668
1.444771862	204.8851993547444
1.445274879	85.28663262623202
1.445778246	329.7526627355669
1.446281963	151.3115980313759
1.446786032	120.23236170560705
1.447290453	254.51460752438476
1.447795225	-110.5268359612305
1.448300349	34.4628069422962
1.448805826	103.40597600855632
1.449311656	-50.51299814462518
1.44981784	308.99183627240996
1.450324377	-50.12305678173098
1.450831268	-109.8412809390635
1.451338514	-17.335008318426716
1.451846114	-279.2656433394119
1.452354069	208.2770738857764
1.452862381	343.6592315351315
1.453371048	145.39127720200537
1.453880071	582.4168174668665
1.454389451	-89.0889692752757
1.454899188	-36.86668529147616
1.455409283	519.7512675236874
1.455919735	-357.35062364327433
1.456430546	182.77741658150524
1.456941715	236.60481821366287
1.457453243	-145.8457357996693
1.45796513	1.449859071181109
1.458477377	279.2337377310633
1.458989984	350.4225229779269
1.459502952	-116.50897661013528
1.46001628	671.2449855761869
1.46052997	-168.41562784627203
1.461044021	
1.461558434	349.12755056023605
1.46207321	
1.462588348	1233.1368015463397
1.46310385	-549.0471650149432
1.463619715	-101.94151174074096
1.464135943	-772.110020886749
1.464652537	-2202.0675100749754
1.465169494	176.68240445215943
1.465686817	451.9603697973655
1.466204506	591.8204566902031
1.46672256	-572.0254562777244
1.46724098	
1.467759767	-63.78103526543806
1.468278921	
1.468798442	580.2708910309254
1.469318331	
1.469838589	1067.4801261709258
1.470359215	-405.8766626529814
1.470880209	-37505.81992752925
1.471401573	899.0122819160781
1.471923307	
1.472445411	-779.751354117173
1.472967886	923.7241321649651
1.473490731	-1756.6339944666856
1.474013948	-387.2919214340687
1.474537536	1258.6645186221315
1.475061497	-353.09704308817345
1.47558583	
1.476110536	125.28535748944397
1.476635615	
1.477161068	493.2912490351193
1.477686895	
1.478213097	-639.0020406140736
1.478739673	-496.1175992220375
1.479266625	1842.6852194443998
1.479793952	1019.6765816291091
1.480321656	15.717146498172356
1.480849736	1060.0048039951353
1.481378193	-492.95440937254983
1.481907027	174.39398695636626
1.482436239	61.39226944335406
1.482965829	-4909.1589430278445
1.483495797	56.191301338759416
1.484026145	-7642.47125087363
1.484556871	754.1398230068803
1.485087978	4465.848586982732
1.485619465	-630.1826021629432
1.486151332	1661.6318171524385
1.48668358	563.3777072707451
1.48721621	2030.4202801771082
1.487749221	278.17748394389815
1.488282615	-674.5495390175083
1.488816391	-1046.0807284946059
1.48935055	
1.489885093	-2164.838038700719
1.490420019	-82.94484035829313
1.49095533	34397.689550586605
1.491491025	3288.1367892674607
1.492027106	-4551.934952872534
1.492563572	670.4854192913373
1.493100423	-4229.690144109621
1.493637662	-2428.6804819684967
1.494175287	587.3795149293858
1.494713299	619.3687766798573
1.495251699	472.8817717100016
1.495790486	
1.496329662	394.01043281530326
1.496869227	
1.497409182	
1.497949526	
1.49849026	
1.499031384	
1.4995729	
1.500114807	-276.2140241227267
1.500657106	
1.501199796	-312.66777539958355
1.50174288	1046.9235089897088
1.502286357	1268.593365858698
1.502830227	548.2753445708792
1.503374491	
1.50391915	785.4509783366251
1.504464203	
1.505009651	354.38847825779453
1.505555496	
1.506101736	
1.506648373	
1.507195406	
1.507742838	726.8874826580961
1.508290666	
1.508838894	138.4710874958341
1.509387519	
1.509936544	2091.3324997781688
1.510485969	318.76196599380023
1.511035793	
1.511586018	607.9520451203749
1.512136644	
1.512687671	111.20367892054527
1.5132391	
1.513790931	
1.514343164	
1.514895801	
1.515448841	-1243.5239062441444
1.516002285	
1.516556134	1091.8381993189794
1.517110387	
1.517665046	2489.7972164117486
1.51822011	
1.518775581	-3444.2253856109537
1.519331458	377.02544746756917
1.519887742	
1.520444433	599.366605193117
1.521001533	
1.521559041	4040.718661146412
1.522116958	
1.522675284	
1.52323402	
1.523793166	-1036.7630552814474
1.524352723	
1.52491269	
1.52547307	
1.526033861	-492.5446244322134
1.526595065	
1.527156682	
1.527718712	-6456.780972289976
1.528281156	
1.528844014	3302.024001150274
1.529407287	
1.529970976	4082.902568488466
1.530535079	-3868.696432444929
1.531099599	1468.8492693728979
1.531664536	
1.53222989	
1.532795661	-109.11729816098934
1.53336185	
1.533928458	-4084.3841261146927
1.534495484	
1.53506293	
1.535630796	
1.536199082	
1.536767788	3856.8810332659214
1.537336916	
1.537906466	-1079.7207955445692
1.538476438	
1.539046832	1351.5198044394313
1.53961765	-498.7476818568911
1.540188891	
1.540760556	-43.479464099358125
1.541332646	
1.541905161	35.09239926717631
1.542478101	
1.543051467	-1985.2398145887619
1.54362526	
1.544199479	
1.544774126	
1.545349201	
1.545924704	-3366.290093422472
1.546500635	
1.547076997	-2995.8552242132214
1.547653787	-2042.6383943301807
1.548231009	
