Date:	Monday, March 30, 2026, 5:44 PM
Measurement type:	Photoluminescence
Temperature: 	9.805 K
Integration time:	0.600 s
Excitation power:	12.6406 nW
Center wavelength	1078.132 nm / 1.150 eV
Dispersion window:	304.943 nm / 0.332 eV
Entrance slit width:	0.501 mm
Exit slit width:	0.000 mm
 	
Energy 	Powerspectrum 
(eV)	(Counts/0.600s)
Excitation power	68.92mW
	
1.007751232	-69.66127805413059
1.007995217	-23.55196541258863
1.008239321	-48.877376104378534
1.008483543	-43.67575312201148
1.008727883	-53.05627685166657
1.008972341	-39.89088078893307
1.009216918	-51.34988995809255
1.009461614	-52.713802043025474
1.009706428	-75.60932113652343
1.009951361	-39.76836066758675
1.010196413	-86.5144470088866
1.010441584	-10.573886196805525
1.010686874	-12.333529727065374
1.010932283	-23.48920935956343
1.011177812	-51.60745912103115
1.011423459	-26.881358283497455
1.011669226	-46.05108763340802
1.011915113	-3.580245528877719
1.012161119	-38.80822312811128
1.012407244	-37.89452774674933
1.01265349	-49.0524404474296
1.012899855	-38.04093515009216
1.01314634	-52.72734703223663
1.013392945	-14.236708987218284
1.01363967	-53.10660066501224
1.013886515	-2.9860617091294346
1.014133481	-30.130271495883818
1.014380567	-10.712893147373645
1.014627773	-38.20962983672955
1.0148751	-10.66960316920055
1.015122548	-38.2537875126727
1.015370116	-9.789043728471606
1.015617805	-17.46169490161153
1.015865614	-22.173737699595844
1.016113545	-37.38405047109656
1.016361597	-41.218491414880596
1.01660977	-39.20703660384796
1.016858064	-30.96872104516878
1.01710648	-36.765057210519544
1.017355017	-9.625196042862383
1.017603675	-43.44785707453261
1.017852455	-3.7244555056615587
1.018101357	-45.331385514182514
1.01835038	-14.063450663787322
1.018599525	-38.76993951356979
1.018848793	0.6875331450967052
1.019098182	-2.2362936605693386
1.019347693	-27.1932911951677
1.019597327	-12.817622843889648
1.019847083	-16.681850094225886
1.020096961	-35.80509790093624
1.020346962	-1.5427208873998999
1.020597085	-21.477860210611965
1.020847331	-14.399377662803508
1.0210977	-31.984690821343133
1.021348191	-2.817436664625335
1.021598806	-20.535827495187533
1.021849543	2.90542915092529
1.022100404	-14.781025354864
1.022351387	-5.838084754685698
1.022602495	-14.402360767484936
1.022853725	-13.286909524491337
1.023105079	-8.246608609747296
1.023356556	-15.231216641547366
1.023608158	-22.13275412829488
1.023859883	-4.738181041411757
1.024111731	-25.412813317367693
1.024363704	-5.337669384047922
1.024615801	-12.152485331777623
1.024868022	-6.892975678815354
1.025120367	-10.198667561949923
1.025372836	-3.6347729198126797
1.02562543	-13.403941716935275
1.025878148	-5.109654576016766
1.026130991	-9.355468212617025
1.026383958	-6.475048166595439
1.02663705	-9.272615157948318
1.026890267	-0.4336138379387113
1.027143609	-19.495863809619586
1.027397076	1.8584302422500807
1.027650668	-20.004545366505187
1.027904386	-0.1058289266956599
1.028158228	-3.411736340870982
1.028412196	-6.443771363647202
1.02866629	0.8571060562549274
1.028920509	-5.00731545943744
1.029174854	0.40499014374491504
1.029429325	-4.319642249261543
1.029683921	-0.6986035569002356
1.029938643	3.668011907340124
1.030193492	-12.783398816658542
1.030448467	-1.1106068602639965
1.030703568	-12.086721936955968
1.030958795	-0.7916128435863987
1.031214148	-15.059334257214804
1.031469629	2.486519212000445
1.031725236	0.5146204555331299
1.031980969	5.267971359774491
1.032236829	2.2603253499072173
1.032492817	-1.8235568120549135
1.032748931	-2.7682466875620415
1.033005172	-4.72114662493151
1.033261541	-2.61243648309773
1.033518037	5.537753621917499
1.03377466	-5.901900084892805
1.03403141	7.066872222709058
1.034288289	-6.731477876395418
1.034545294	1.635590901013824
1.034802428	-1.9241767335158666
1.03505969	1.827253375156753
1.035317079	1.3689987262930836
1.035574597	7.781645615038136
1.035832242	-0.07756154052023345
1.036090016	2.024965751292645
1.036347918	7.669264151743166
1.036605949	-0.8244665411292049
1.036864108	5.222053866399016
1.037122396	4.041592848238388
1.037380812	-1.1813329607135152
1.037639357	9.958556684465622
1.037898032	6.185021215075717
1.038156835	10.148333659471264
1.038415767	0.5790187995229885
1.038674828	5.0849202589535505
1.038934019	-1.6651323212633955
1.039193339	11.412812606039735
1.039452789	11.244511315229724
1.039712368	8.227203986076512
1.039972077	6.5921197742308575
1.040231916	7.535187557214527
1.040491884	10.720952240130877
1.040751983	7.215387570209263
1.041012211	9.901752356310759
1.04127257	7.179446884842177
1.041533059	1.0079812877289647
1.041793679	12.017455908357391
1.042054428	8.071031856292782
1.042315309	14.343508793164037
1.04257632	8.335371046487777
1.042837462	11.659987874642061
1.043098734	5.073299481085512
1.043360138	11.097185405146645
1.043621673	10.756858204200542
1.043883339	14.762726121806583
1.044145136	8.806873870517128
1.044407064	10.26566231421973
1.044669124	10.97201690096732
1.044931315	14.114289693528141
1.045193638	13.008718575873232
1.045456093	18.270097982004998
1.04571868	11.953650795120302
1.045981398	13.66687608662941
1.046244249	16.95512471524611
1.046507232	15.252455147732507
1.046770347	14.288696084139621
1.047033594	17.58231674428254
1.047296974	14.265362334681887
1.047560486	15.90146486385021
1.047824131	19.127208464713753
1.048087909	14.706565075896002
1.048351819	14.663297290806472
1.048615863	21.163717569322678
1.048880039	16.1857952422428
1.049144349	20.017937531979864
1.049408792	16.85779704368635
1.049673368	18.68831978934343
1.049938078	21.152923477693378
1.050202921	22.741366973436737
1.050467898	22.214829035902028
1.050733008	18.87540718815955
1.050998253	18.021623645679245
1.051263631	19.991813758822087
1.051529144	22.398074244114202
1.05179479	22.282024312026383
1.052060571	24.91551730864276
1.052326486	25.279904983191855
1.052592536	23.548252831926032
1.05285872	23.727095530560348
1.053125039	21.187205694944574
1.053391493	23.6289248015264
1.053658081	24.1718251227133
1.053924805	21.816687449328892
1.054191663	26.554876132053906
1.054458657	23.57304486455451
1.054725786	25.097561881859775
1.05499305	29.124109548968505
1.05526045	22.85117206242386
1.055527986	30.62008770703397
1.055795657	21.82461975110846
1.056063464	28.868500185023095
1.056331407	29.194463744375213
1.056599486	28.598563122791152
1.056867701	31.356308817029984
1.057136052	31.101750388951658
1.057404539	29.547345057934013
1.057673163	31.322610734304927
1.057941923	31.888799707255348
1.05821082	29.980605154963364
1.058479854	31.344970347721524
1.058749025	32.51087080523502
1.059018332	29.920345296289785
1.059287777	35.7099540110329
1.059557358	31.019985404323904
1.059827077	36.27108993929813
1.060096934	34.06818510887425
1.060366927	35.19816275329433
1.060637059	39.75610683197379
1.060907328	35.18780636389507
1.061177734	37.21842841769957
1.061448279	37.17196623607259
1.061718962	34.73234658007943
1.061989782	39.01242511974443
1.062260741	36.415352789082654
1.062531838	39.58355749757381
1.062803074	40.667991515621765
1.063074448	39.43522462796031
1.063345961	40.76562273620388
1.063617612	39.42885022593848
1.063889403	41.043228522696715
1.064161332	41.69932978219595
1.0644334	43.40180487784087
1.064705608	42.05725991878961
1.064977954	41.87610637909402
1.06525044	42.8327325234366
1.065523066	43.48760179024952
1.065795831	45.919149407823156
1.066068736	46.62181558667549
1.06634178	47.50336287238016
1.066614965	47.95066397596497
1.066888289	47.58020617272984
1.067161754	48.19316240006833
1.067435359	47.397917406323344
1.067709104	48.1031456783508
1.06798299	50.98911584698639
1.068257016	52.283165988006864
1.068531183	52.07903825221118
1.06880549	53.90428189803724
1.069079939	50.97241585240834
1.069354528	52.02368856255353
1.069629259	53.72910815325635
1.06990413	56.372199772620505
1.070179143	58.28865355150972
1.070454298	55.64230604671375
1.070729594	57.207812659064665
1.071005031	55.987692507699876
1.071280611	56.762262223454975
1.071556332	62.01125142968822
1.071832195	59.29438169291511
1.0721082	63.37303963525196
1.072384348	60.407807717533174
1.072660638	59.958294299111614
1.07293707	63.535127333569946
1.073213644	62.76543242334313
1.073490362	65.60659910881304
1.073767222	64.9515551293721
1.074044225	68.36991918771123
1.07432137	68.52305689769852
1.074598659	68.80866793131635
1.074876091	71.52380585707078
1.075153667	68.34121718630995
1.075431385	72.84639733780936
1.075709248	71.03043892840105
1.075987254	72.81625813341468
1.076265403	73.56624598951835
1.076543697	72.88915691357194
1.076822134	75.5475365898422
1.077100715	76.77006076072415
1.077379441	79.24122539094058
1.077658311	78.28887184980003
1.077937325	77.4353417828043
1.078216484	81.74028028485601
1.078495788	79.14372708622501
1.078775236	82.66703902375875
1.079054829	83.32063973206394
1.079334567	84.13498991932458
1.07961445	86.96422345886187
1.079894479	87.59199084892927
1.080174652	86.49766171435301
1.080454971	88.34685681027656
1.080735436	87.29233401497424
1.081016046	89.39199311809853
1.081296802	90.54297563365019
1.081577704	91.59207718807032
1.081858752	92.83018957358097
1.082139946	95.06514039192557
1.082421286	93.73120700654952
1.082702772	96.45309143448318
1.082984405	97.02739795479144
1.083266185	97.46779017580502
1.083548111	98.24473474481458
1.083830184	100.02978369716456
1.084112403	98.19321690691403
1.08439477	100.9129621611942
1.084677284	100.48678155090998
1.084959945	101.18268098336605
1.085242754	104.61401137861651
1.08552571	103.88652289903199
1.085808814	105.74699265973192
1.086092065	108.25973702950324
1.086375464	108.76115143761437
1.086659011	110.5446968314501
1.086942706	110.56463816272218
1.08722655	114.16201921881188
1.087510541	111.39093449383292
1.087794681	114.85394509171192
1.08807897	115.26003578141759
1.088363407	114.28841902723265
1.088647993	117.5667791636099
1.088932727	119.89992772597506
1.089217611	119.2470695791884
1.089502644	122.0188446566104
1.089787826	121.03420456227154
1.090073157	121.91719231980584
1.090358638	123.13036924075142
1.090644269	126.99420920523427
1.090930049	125.77273417480366
1.091215979	127.94340868327316
1.091502058	129.5301695520157
1.091788288	129.60156239528638
1.092074668	131.60627829232817
1.092361199	132.32361038235211
1.092647879	133.07542006501046
1.09293471	134.452992643223
1.093221692	134.81001635511785
1.093508825	136.63341366740445
1.093796108	136.66059539972542
1.094083543	140.20969371942374
1.094371128	141.12370372434847
1.094658865	142.7261588451815
1.094946753	144.495612997107
1.095234793	145.03531174897464
1.095522984	146.42649911881452
1.095811327	150.84979756969642
1.096099821	149.1820639094187
1.096388468	152.9511281549989
1.096677267	152.9166419613102
1.096966218	152.81652453018518
1.097255321	155.12607345592892
1.097544577	158.19657182912522
1.097833985	158.65154936105225
1.098123546	160.70799726998342
1.098413259	161.76180868488578
1.098703126	162.42567215606948
1.098993145	163.49985114449893
1.099283318	165.20776192275113
1.099573644	165.49553003457407
1.099864123	168.21387249879743
1.100154756	169.56067683843202
1.100445543	172.83216659050512
1.100736483	173.5931310165247
1.101027577	175.8529700894336
1.101318825	174.3828950466287
1.101610228	179.02881272357794
1.101901784	179.27530788219653
1.102193495	182.50491820500767
1.10248536	182.3546433414492
1.10277738	185.44397912433172
1.103069555	184.5001861276771
1.103361885	189.6054000538178
1.103654369	189.95142580874509
1.103947009	192.14223497340433
1.104239804	191.29810014764408
1.104532754	195.74846364996256
1.10482586	197.12948647607726
1.105119122	200.24356406043762
1.105412539	200.71305382016558
1.105706112	204.74430265594427
1.105999841	204.3431887688436
1.106293726	207.21933949424584
1.106587767	208.0870274525419
1.106881964	209.8875356389515
1.107176318	212.50729695828196
1.107470829	215.10389735580813
1.107765497	216.7822873899306
1.108060321	218.7900422371219
1.108355302	220.8780947418277
1.10865044	223.8147027061201
1.108945736	222.60441528068793
1.109241189	226.54363992977812
1.109536799	225.33434571560957
1.109832567	229.09102836250662
1.110128493	229.94246543161702
1.110424576	234.0518196590753
1.110720818	236.42367571036536
1.111017217	237.29910821292964
1.111313775	237.9931914171496
1.111610491	241.2673923027675
1.111907366	241.02756688715073
1.112204399	245.60759425886857
1.112501591	247.2130466483376
1.112798942	247.87625418697183
1.113096452	252.6192445305357
1.113394121	252.737014431419
1.11369195	255.03445384828947
1.113989937	257.6344871653989
1.114288084	259.36097589535177
1.114586391	262.773966795534
1.114884858	263.4070502668649
1.115183484	267.04670282431556
1.115482271	268.0834954660929
1.115781217	272.46775426547885
1.116080324	273.04129610041025
1.116379592	276.58951308891574
1.116679019	278.1294301986018
1.116978608	280.50878140535895
1.117278357	283.04059419887545
1.117578268	284.0390121149255
1.117878339	287.08345500211675
1.118178571	289.45054996656364
1.118478965	291.7696334183116
1.11877952	294.4260386587784
1.119080237	299.31824460868154
1.119381116	299.75663277038177
1.119682156	303.32920834219345
1.119983358	305.65362080084424
1.120284723	305.5777839516992
1.120586249	311.1103723330652
1.120887938	313.24718740656385
1.12118979	316.2797241139697
1.121491804	318.36636994424134
1.12179398	318.5753877894888
1.12209632	322.2269534846311
1.122398823	324.11424006355304
1.122701489	328.69575890645876
1.123004318	331.9345457172998
1.12330731	334.26184446486303
1.123610467	334.97440731893494
1.123913786	338.62322932083083
1.12421727	340.5826476252581
1.124520917	344.28498328266414
1.124824729	347.1678725396698
1.125128705	349.0482027414357
1.125432845	354.93875193072347
1.12573715	354.5797588276913
1.126041619	358.2812835648551
1.126346253	361.79757845356534
1.126651052	363.23970003053984
1.126956015	366.42343082532807
1.127261144	369.36618259288815
1.127566439	370.2088782944203
1.127871898	376.2686485660015
1.128177523	376.1024201647824
1.128483314	379.7111220348819
1.128789271	383.2970285461119
1.129095394	383.35082521987295
1.129401682	389.78829831613785
1.129708137	392.49655360245043
1.130014759	394.9342865185439
1.130321546	397.45942987517304
1.130628501	397.25608540232895
1.130935622	400.46850323390527
1.13124291	403.49052549449306
1.131550365	407.4955550399652
1.131857987	411.9076378339891
1.132165777	412.2449863229659
1.132473734	417.53431913174876
1.132781859	417.81508956216715
1.133090151	419.9389027558191
1.133398611	424.7522860414729
1.133707239	423.8029157157227
1.134016036	428.280411463644
1.134325	431.34110621544806
1.134634133	432.8271174043089
1.134943434	436.1679001989519
1.135252905	437.44499000293524
1.135562544	440.16674594639136
1.135872352	444.9473569767863
1.136182329	445.96222063439916
1.136492475	448.716110768054
1.13680279	451.1202653686454
1.137113276	451.24011533485395
1.13742393	453.5069719506319
1.137734755	456.0754531446648
1.138045749	458.65729195142615
1.138356914	460.99609929700796
1.138668249	462.6150991605759
1.138979754	463.2518695312223
1.139291429	467.07128745803345
1.139603276	465.7598979270886
1.139915293	469.7703785889788
1.14022748	470.1605058764239
1.140539839	471.8728746735953
1.140852369	474.1793028162662
1.141165071	476.6478053098252
1.141477944	478.6237447264227
1.141790988	478.6442610370404
1.142104204	480.9788573811441
1.142417593	479.69201868127857
1.142731153	482.86985346911706
1.143044885	485.73192180281814
1.14335879	487.7641845524181
1.143672867	487.8348136381355
1.143987117	487.8317109199274
1.144301539	488.61891610450294
1.144616134	490.67888031550825
1.144930903	496.01010147939036
1.145245844	496.3910740607911
1.145560959	496.69283050115257
1.145876248	495.56954891958554
1.146191709	495.5136873799204
1.146507345	499.08915477296506
1.146823155	501.21875110769014
1.147139138	502.5784457291235
1.147455296	502.114657066265
1.147771628	503.74251122887557
1.148088134	504.0387376695366
1.148404816	504.909655716587
1.148721671	506.33278519053016
1.149038702	506.89286657154935
1.149355908	507.98894241170103
1.149673289	506.9830684061119
1.149990845	509.9903454024005
1.150308577	510.2782419731732
1.150626485	509.6000280856128
1.150944568	512.0046771438356
1.151262827	510.56660606754025
1.151581262	512.5711823715492
1.151899873	514.2000300860059
1.152218661	512.9641273838712
1.152537625	514.4817594269482
1.152856766	514.0911268719802
1.153176084	516.0881422453509
1.153495578	517.3620631386992
1.15381525	518.0336041256858
1.154135099	519.6914576668556
1.154455125	516.6471244101413
1.154775329	518.0908903214961
1.155095711	518.9577401428826
1.15541627	519.6304235265334
1.155737007	521.7618420133587
1.156057923	520.8191744627617
1.156379016	520.0187538755545
1.156700288	520.6238186220196
1.157021739	521.146520370183
1.157343368	522.1736273659825
1.157665177	521.434718503757
1.157987164	521.4056304962791
1.15830933	524.4199656838583
1.158631676	524.2996416777895
1.158954201	526.228152989856
1.159276906	527.0357777500674
1.15959979	525.6663835518236
1.159922855	524.834218645319
1.160246099	525.7904977904516
1.160569524	525.3593063798317
1.160893129	527.3915987895318
1.161216915	528.4527270352326
1.161540881	526.3872645386779
1.161865028	528.3691733148694
1.162189356	528.410918749448
1.162513865	527.7739377940438
1.162838556	527.2998732430827
1.163163428	527.4709541648406
1.163488481	527.1204784299395
1.163813716	528.8673691741748
1.164139133	531.0422099930914
1.164464732	527.4375360298287
1.164790514	531.0843626671001
1.165116477	527.6903872617789
1.165442623	531.131633928739
1.165768952	530.7023965159935
1.166095464	531.1248810719939
1.166422158	531.406667638389
1.166749036	529.9097249778771
1.167076097	532.4702605209479
1.167403341	531.4574671276735
1.167730769	533.1782143947316
1.16805838	530.3762117305732
1.168386176	531.1123354607455
1.168714155	531.4718088000268
1.169042319	531.2492459757834
1.169370667	531.1076454549502
1.169699199	530.3218135903991
1.170027916	531.0669615486598
1.170356818	532.9132637266399
1.170685905	531.8127126064343
1.171015177	533.3157255648204
1.171344635	534.1806203274338
1.171674277	530.9416594864863
1.172004106	533.756158490219
1.17233412	531.3213018748405
1.17266432	530.9441501528304
1.172994706	535.7533297142177
1.173325278	532.1423846392233
1.173656037	533.9039265880858
1.173986982	534.3499256297196
1.174318114	531.8512723771059
1.174649433	533.6915961409813
1.174980938	534.3046561287034
1.175312631	534.0104030664387
1.175644511	533.0686531204266
1.175976579	533.3693359403385
1.176308834	531.4288030851859
1.176641278	529.9086580447215
1.176973909	531.1371188533433
1.177306728	532.603113995875
1.177639735	532.3323352624462
1.177972931	533.1727082442145
1.178306316	532.4149536628961
1.178639889	531.417498922652
1.178973651	531.2638630970971
1.179307603	530.7299130883155
1.179641743	530.608631464743
1.179976073	530.656216718298
1.180310593	529.5828113048198
1.180645302	528.8136557005967
1.180980201	530.1329352592949
1.18131529	528.8354229576494
1.18165057	529.5972534913436
1.181986039	527.4618680962161
1.1823217	528.6466670128375
1.182657551	527.8289682147387
1.182993592	526.4798763868363
1.183329825	526.5761818162441
1.183666249	524.625120536735
1.184002865	525.6080236610937
1.184339672	525.7937505715591
1.18467667	524.0909194943529
1.185013861	523.4512160022167
1.185351243	523.206513743105
1.185688818	521.5243910477031
1.186026585	521.8273647318917
1.186364544	522.3310148124641
1.186702696	521.499231020133
1.187041041	519.1500833195619
1.187379579	520.3922452162842
1.18771831	519.2149805644077
1.188057234	516.8379389913848
1.188396352	517.6765412240056
1.188735663	518.4446157937838
1.189075169	519.1203869464605
1.189414868	516.2967902374504
1.189754761	515.2102348524619
1.190094849	513.5226436370351
1.190435131	512.5657164103618
1.190775608	510.9625884280325
1.19111628	509.6945717504375
1.191457146	510.9008491301876
1.191798208	510.9693954893525
1.192139465	512.7419783871949
1.192480918	512.6379469561023
1.192822566	509.4571888626723
1.19316441	508.4089536680046
1.193506451	508.44516274814134
1.193848687	507.32412520834083
1.194191119	505.7621108076964
1.194533748	507.42407902833804
1.194876574	506.4052177990274
1.195219597	503.6051846560991
1.195562816	503.63420478908154
1.195906233	501.1478289814491
1.196249847	500.46352767084664
1.196593659	502.5448890824803
1.196937668	502.06969346636066
1.197281875	501.24005771502436
1.19762628	500.57854021418154
1.197970884	498.3145659468509
1.198315685	497.9963953843799
1.198660686	497.2419975963632
1.199005885	498.86345250785655
1.199351283	496.8793824421837
1.19969688	495.19367562861817
1.200042676	495.89751780131724
1.200388671	494.2415934537156
1.200734866	493.3876952067418
1.201081261	495.87288854191485
1.201427856	493.01365976827987
1.201774651	492.64032802610006
1.202121646	493.2431241656068
1.202468842	490.60481222600623
1.202816238	490.39108823271846
1.203163835	489.6166913014796
1.203511633	489.75196207151487
1.203859632	491.94195938268183
1.204207832	489.32196652651794
1.204556234	489.90735248158387
1.204904838	489.93407823447893
1.205253643	487.69456607383535
1.20560265	486.44575164747624
1.20595186	490.0959539102893
1.206301272	485.1244666497536
1.206650886	486.6048792327248
1.207000703	487.2090362342544
1.207350723	484.60003963085234
1.207700947	484.5546078114782
1.208051373	485.11188114565505
1.208402003	481.95316055172594
1.208752836	484.46448339101664
1.209103873	485.31503841085254
1.209455114	482.156673253101
1.209806559	484.7493712507643
1.210158209	482.48126486416834
1.210510063	479.15279840031934
1.210862122	480.0873011765735
1.211214385	480.8619995945164
1.211566854	479.94048489310717
1.211919527	478.1178610224965
1.212272406	478.6819225216921
1.212625491	476.5866429738238
1.212978782	477.2137356216425
1.213332278	477.5831974802124
1.21368598	476.71542366534425
1.214039889	476.48325487003535
1.214417509	472.5689961077039
1.214772891	473.10426515301117
1.215128481	474.4335885830301
1.21548428	471.40004517869335
1.215840287	472.36035476934575
1.216196502	472.6364676361533
1.216552927	471.0775344052416
1.21690956	468.5930966658477
1.217266403	471.5795703028792
1.217623454	465.79483306510684
1.217980716	467.4510893380987
1.218338187	465.7912984188651
1.218695868	463.71700044263815
1.219053759	464.28656595856626
1.21941186	461.0611107362406
1.219770172	461.88491590464736
1.220128694	458.45927600664925
1.220487428	462.07529371009446
1.220846372	460.09480799783586
1.221205527	457.17384646952587
1.221564894	459.24829343767783
1.221924472	456.0628207050977
1.222284262	454.1832637718504
1.222644264	452.05317233753715
1.223004479	452.8928637610415
1.223364905	450.9278496865026
1.223725544	452.6758751308337
1.224086396	449.1157079372401
1.22444746	446.5598756256421
1.224808738	446.8258952365318
1.225170229	444.6741241935846
1.225531933	444.8677351425458
1.225893851	441.7975018712478
1.226255983	441.84382150485044
1.226618329	439.23233022780255
1.226980889	440.48682883965176
1.227343663	439.67901492313354
1.227706652	438.1242631710469
1.228069856	438.11579425707185
1.228433274	437.77249471193795
1.228796908	434.6099148095822
1.229160757	433.7512050520567
1.229524822	434.1495187257159
1.229889103	430.92222641553286
1.230253599	431.47940358772405
1.230618312	429.70906981988827
1.23098324	427.07080730865425
1.231348386	427.22554557497557
1.231713748	424.6637068284137
1.232079326	425.88834080158557
1.232445122	425.7231557840716
1.232811136	423.33830983344507
1.233177366	421.30662672742613
1.233543815	418.58536502965774
1.233910481	418.68277497180975
1.234277365	418.54330882949944
1.234644468	419.50090804099085
1.235011788	417.26117915210017
1.235379328	416.6794575203114
1.235747086	414.7514342597192
1.236115064	414.88121057496426
1.23648326	413.68847048343855
1.236851676	411.77537786897875
1.237220312	409.51435353075505
1.237589167	409.1748501252684
1.237958243	408.9882449715317
1.238327538	407.27241561675964
1.238697054	406.0756280346146
1.239066791	404.86772577114573
1.239436748	404.5021232690521
1.239806927	402.0496699580797
1.240177326	402.92353966291824
1.240547947	400.07968974519144
1.24091879	398.9723215445388
1.241289854	400.27479627859674
1.24166114	398.77216292871816
1.242032649	396.68466821736354
1.24240438	394.17305256602805
1.242776333	392.9090044398708
1.243148509	391.4226241593073
1.243520909	390.2519964118265
1.243893531	391.7099011730011
1.244266377	388.35626483320533
1.244639446	387.6491303239962
1.245012739	386.6311983791065
1.245386256	383.41077073019
1.245759998	383.0744996306193
1.246133963	381.2333970223963
1.246508154	380.11691996901044
1.246882569	380.49977299808614
1.247257209	377.00947312345454
1.247632074	375.7688146726546
1.248007165	372.03624548496975
1.248382481	372.98803826308944
1.248758023	370.97626909742934
1.249133791	368.8180805522867
1.249509785	368.9351428077468
1.249886006	364.6973276996716
1.250262453	365.1506803321277
1.250639127	364.4369049334429
1.251016029	361.25067877075577
1.251393157	363.7232134764032
1.251770513	359.81137712944815
1.252148096	357.336910297715
1.252525908	358.23335597821625
1.252903947	352.74880599124833
1.253282215	354.47447203884303
1.253660711	353.7381713488348
1.254039436	350.9244603293108
1.25441839	350.3452196881157
1.254797573	348.9513167096264
1.255176985	346.157342428163
1.255556627	345.49135665179557
1.255936498	345.44060710870997
1.256316599	342.30336991470665
1.256696931	341.9925329083095
1.257077493	339.1196982894687
1.257458285	338.8686071483239
1.257839308	337.4765312149901
1.258220562	336.16516655376046
1.258602048	335.7538595682347
1.258983764	334.7722422338323
1.259365713	332.0338716917104
1.259747893	332.6387615136555
1.260130305	331.3496220589328
1.260512949	327.10323393214384
1.260895826	330.06514605679206
1.261278936	325.14584467796533
1.261662278	326.6062101688264
1.262045854	326.6297744937255
1.262429663	323.92974396357835
1.262813705	323.8086731646848
1.263197981	322.22345648098883
1.263582491	320.83947126225746
1.263967235	320.2336100872848
1.264352214	319.86737752946004
1.264737427	319.47320279874833
1.265122875	318.17288265510484
1.265508558	317.7227084603782
1.265894476	317.13508152774597
1.26628063	316.5490246791968
1.266667019	315.3276518955548
1.267053644	316.4856230138055
1.267440505	313.36857048136204
1.267827603	312.06734068184204
1.268214937	311.8183949648934
1.268602508	309.596937552042
1.268990315	310.53846903350075
1.26937836	309.5592492070357
1.269766643	307.56784378401534
1.270155163	308.1994716624621
1.27054392	306.17994240318774
1.270932916	305.70502289482926
1.27132215	306.83263613209505
1.271711623	303.34665486278755
1.272101334	305.39509668721206
1.272491284	304.1761181517496
1.272881474	304.8461176843842
1.273271902	304.7224539547188
1.273662571	299.3404629113783
1.274053479	301.87150852269764
1.274444627	298.03141783897195
1.274836015	300.654714788227
1.275227644	300.45461838239584
1.275619514	298.12371784903365
1.276011624	297.134734038808
1.276403976	295.18471106435607
1.276796569	294.36295259038116
1.277189403	294.8851158271625
1.277582479	291.8419347216956
1.277975798	291.5825690586614
1.278369358	292.7149193763933
1.278763161	290.8063392474067
1.279157207	291.6185916311006
1.279551496	288.8392797748539
1.279946028	286.8405673313186
1.280340803	287.39093863852963
1.280735822	284.33231554446576
1.281131084	284.66922897401184
1.281526591	283.7255069346874
1.281922342	280.1694685830147
1.282318337	278.81029059784214
1.282714578	279.6685365992213
1.283111063	277.84178697757574
1.283507793	278.35320702839374
1.283904769	277.96348093033504
1.28430199	275.645037629816
1.284699457	273.8624783371927
1.285097171	272.0392401689247
1.28549513	271.9118647596437
1.285893337	272.3440136381751
1.28629179	269.52882333758816
1.286690489	271.14432113008365
1.287089437	266.77236410314697
1.287488631	267.2528290967126
1.287888074	266.7089377557851
1.288287764	265.6429778254714
1.288687703	263.5765527421408
1.289087889	262.3874919138583
1.289488325	263.55144091579825
1.289889009	260.83876037211314
1.290289943	262.9897844120666
1.290691126	259.59167610072626
1.291092558	257.7596443132364
1.29149424	257.02474870903455
1.291896172	256.86838832366516
1.292298354	258.5784789014609
1.292700787	256.7529263911751
1.293103471	255.71919176411214
1.293506405	252.07450977293843
1.293909591	252.6447304054619
1.294313028	253.1236901550617
1.294716717	252.5973432739436
1.295120658	252.7377326190796
1.295524851	250.09661307712076
1.295929296	249.2714153410916
1.296333994	248.91147686252302
1.296738944	249.79919864011413
1.297144148	249.36434922809462
1.297549605	247.59229101763282
1.297955316	246.58825115363013
1.29836128	246.3717642034206
1.298767498	246.69751733273912
1.299173971	244.69820000102968
1.299580698	247.66025732926514
1.29998768	241.32963003760563
1.300394917	244.08221436695493
1.300802409	243.87952012396423
1.301210157	240.24156792146314
1.30161816	242.51375311742072
1.302026419	241.16921924856052
1.302434935	238.46738835803194
1.302843707	240.44461728158808
1.303252735	240.65438112343512
1.30366202	237.15516089333184
1.304071563	237.7960273790821
1.304481363	236.68901329536732
1.304891421	236.8094130756519
1.305301736	233.998080111249
1.30571231	235.0330623846071
1.306123142	234.2023126406366
1.306534232	230.2552455646206
1.306945582	234.57613809924192
1.30735719	230.02985423269547
1.307769058	229.9018701992277
1.308181186	229.69958657268916
1.308593573	228.79412319187918
1.30900622	229.48342193015202
1.309419128	227.76781450996148
1.309832297	230.25247888599137
1.310245726	227.75578148826554
1.310659416	226.6634505016549
1.311073367	224.63880449117897
1.31148758	222.61582735029137
1.311902055	221.3785930838165
1.312316792	222.24826646120522
1.312731792	221.3690970604962
1.313147053	218.74149265373597
1.313562578	220.04480027008765
1.313978366	215.3413995674679
1.314394417	215.89395269225815
1.314810731	215.3151784308738
1.315227309	214.17283386833617
1.315644152	213.25370399072824
1.316061259	213.4780470241111
1.31647863	213.62090286201177
1.316896266	212.06718258429655
1.317314167	211.45196651184395
1.317732334	208.3902730862954
1.318150766	206.10458523413757
1.318569463	208.43677380742295
1.318988427	205.8870873170924
1.319407658	206.63788514701895
1.319827154	202.72312849417725
1.320246918	202.3073022443887
1.320666949	200.96975330857606
1.321087247	201.17136654133628
1.321507813	200.5179685359066
1.321928646	198.16678221031526
1.322349748	197.91071809450833
1.322771118	196.78580062403043
1.323192757	198.79016886695152
1.323614664	197.70806267792827
1.324036841	196.42259827215395
1.324459287	196.14289312877426
1.324882003	194.2256965622533
1.325304988	195.7539199443518
1.325728244	193.5069749610085
1.326151771	192.53100937008992
1.326575568	192.74205826343052
1.326999635	191.19036267783807
1.327423975	189.6448512222827
1.327848585	193.48201277258852
1.328273468	190.55751127526352
1.328698622	193.62169778802541
1.329124048	194.83952076562886
1.329549748	188.2927156899226
1.329975719	192.7031325329508
1.330401964	190.61544706553786
1.330828483	189.08112036384387
1.331255274	190.71846266788413
1.33168234	189.6439039961085
1.33210968	191.2509953757693
1.332537294	189.07606191820253
1.332965182	190.89228850423356
1.333393346	188.23799875153514
1.333821785	190.67482165137898
1.334250499	191.842032197042
1.334679489	190.04788457958983
1.335108754	188.61604045773942
1.335538296	188.18698424662048
1.335968115	188.65238387771848
1.33639821	188.28955510984628
1.336828582	189.40034435876993
1.337259232	189.5452523866109
1.337690159	188.22940148713084
1.338121364	189.53055942573002
1.338552847	186.08458516697013
1.338984608	188.46226949697385
1.339416648	187.0905918798063
1.339848967	186.2316800027801
1.340281565	185.79877091261147
1.340714442	185.62125958888564
1.341147599	186.63746583833677
1.341581037	185.07198332347258
1.342014754	184.79200218774176
1.342448752	185.0915123201988
1.342883031	185.0731310359525
1.34331759	185.32887190455295
1.343752431	184.23708315190345
1.344187554	181.82681149027752
1.344622959	181.67479664161723
1.345058646	182.17364542978444
1.345494615	180.77848274836668
1.345930867	182.5969995418662
1.346367402	182.05205098057536
1.34680422	181.22471126913024
1.347241321	179.8842600996455
1.347678707	180.08314231810752
1.348116377	178.32534725132075
1.34855433	177.85802968042893
1.348992569	177.4858741015717
1.349431093	175.25612521218684
1.349869901	172.82929025899818
1.350308996	174.33819548043053
1.350748375	174.71150735367956
1.351188041	174.41206050118282
1.351627994	174.68530414914602
1.352068233	174.05536642426588
1.352508758	174.35580366316864
1.352949571	173.82831692979605
1.353390672	171.5645656321383
1.35383206	171.79379092687577
1.354273736	169.69579942207744
1.3547157	168.36173777575155
1.355157953	170.5374023758248
1.355600495	169.9922141845102
1.356043326	169.13158467026582
1.356486446	168.8250941233649
1.356929856	169.09412819013397
1.357373556	166.44182265515823
1.357817546	166.85310802363833
1.358261827	167.856460717663
1.358706399	166.62067495482387
1.359151262	168.87272075569993
1.359596416	167.79699399955177
1.360041862	165.28021872306059
1.360487599	164.61942302813532
1.360933629	166.1115782191317
1.361379952	164.60812057521238
1.361826568	165.65252840590486
1.362273476	163.6074702179811
1.362720678	162.60218648692788
1.363168174	162.70969277284573
1.363615964	163.30066356410407
1.364064048	165.96316882171644
1.364512426	164.1215207182849
1.3649611	164.4387080371993
1.365410068	163.71455300001753
1.365859333	161.45264452696162
1.366308892	163.57899512251524
1.366758748	161.40340357742843
1.3672089	162.14988826134817
1.367659349	162.98651158107617
1.368110095	161.51217676272387
1.368561138	160.31589486977703
1.369012478	158.6090390606579
1.369464117	156.82770052660996
1.369916053	158.7109478329322
1.370368288	158.73749866058495
1.370820821	155.38841263149806
1.371273653	156.7864110935117
1.371726785	157.88097654892871
1.372180216	151.74430688349855
1.372633947	157.8246553231558
1.373087978	151.66078750798926
1.37354231	152.04634790976826
1.373996943	150.75477148503685
1.374451876	150.03713245939974
1.374907111	146.11912215873085
1.375362648	151.48043194080566
1.375818486	146.83920154050844
1.376274627	142.5709620181598
1.37673107	144.6862820812812
1.377187816	141.97166660134368
1.377644866	139.18879636343223
1.378102218	144.786570000328
1.378559875	137.10313411320845
1.379017836	142.40355012232098
1.379476101	137.36158219315462
1.37993467	141.5122119666812
1.380393545	134.67690874318353
1.380852725	141.93850375996965
1.38131221	132.54170209450803
1.381772002	136.6971130173849
1.382232099	131.74532763088712
1.382692504	134.7475809143296
1.383153214	134.48980791583776
1.383614233	142.10189074680014
1.384075558	138.0831541863087
1.384537191	140.94785541217354
1.384999132	131.52761214283262
1.385461382	136.71016280832947
1.38592394	129.31886682840542
1.386386808	138.37922816213862
1.386849984	131.2640424266358
1.38731347	140.68044561675475
1.387777266	127.35278476891358
1.388241372	136.90367767493123
1.388705789	128.31565824626063
1.389170517	138.9500011425155
1.389635555	130.2195035913804
1.390100906	132.2614895810134
1.390566568	121.24729820687519
1.391032542	132.52607041911227
1.391498828	126.06302560288937
1.391965427	137.65343997094018
1.392432339	129.81993384027047
1.392899565	132.0059751546963
1.393367104	128.1580459283522
1.393834957	129.11287366017058
1.394303124	125.12256259978217
1.394771606	139.37308086819556
1.395240403	121.67081436498142
1.395709516	116.3631495177761
1.396178943	122.76834857710227
1.396648687	129.04242688434627
1.397118747	127.73845818896416
1.397589123	147.82080144025403
1.398059816	122.83447486112004
1.398530827	129.98518404880517
1.399002154	122.64928356432291
1.3994738	131.58380841266
1.399945764	122.00320026828797
1.400418046	125.78794657840021
1.400890647	121.44715701771116
1.401363567	125.5150400163504
1.401836806	119.79594949219803
1.402310365	130.17052425142708
1.402784244	115.29557712796712
1.403258444	127.64037514175541
1.403732964	110.82964267584595
1.404207806	119.58226184393806
1.404682968	112.98432120657063
1.405158453	121.57337659649697
1.405634259	119.34546986024479
1.406110388	122.03054657535023
1.406586839	118.9962091701394
1.407063614	118.47947143598923
1.407540711	103.16857389760551
1.408018133	123.23599869705468
1.408495878	104.37603406819862
1.408973948	117.85564658252113
1.409452342	110.56687479622236
1.409931061	118.36307068148473
1.410410106	99.44560810267814
1.410889476	112.52202882580568
1.411369172	105.03837767969307
1.411849195	106.9494332644326
1.412329544	96.42650466451614
1.41281022	100.79808812795993
1.413291223	93.50547956499719
1.413772554	97.84474541607557
1.414254213	91.69809916255166
1.4147362	109.22856032050483
1.415218516	88.84938983503437
1.415701161	104.61956706974482
1.416184135	69.7765655602909
1.416667439	95.93386388759723
1.417151073	75.22561750395246
1.417635037	98.95082861433931
1.418119332	86.5350741409899
1.418603958	110.17615987613914
1.419088915	55.73351089636239
1.419574204	90.0636679878033
1.420059825	63.82580395388215
1.420545778	87.0950624396077
1.421032064	82.82447306266045
1.421518683	100.68471429162084
1.422005636	85.93302982642894
1.422492922	100.01525699716817
1.422980542	77.84957617357094
1.423468497	109.96486507358027
1.423956786	77.40846345249436
1.42444541	92.34006662489382
1.42493437	61.18999225743643
1.425423666	96.1574604468613
1.425913298	27.168801729385322
1.426403266	94.38027434068952
1.426893572	31.484676041296442
1.427384214	81.1487113844768
1.427875194	92.84806812419005
1.428366512	76.66725330628216
1.428858168	68.08449551032969
1.429350163	95.47485492732572
1.429842496	35.46650681962103
1.430335169	83.44462883986114
1.430828182	131.671232197734
1.431321534	78.85713609082849
1.431815227	19.855320071156275
1.43230926	95.8752125369848
1.432803635	50.9819881065052
1.433298351	88.13624877131538
1.433793409	185.05074079493124
1.434288808	53.80593843689662
1.434784551	111.98553597953806
1.435280636	54.512880688815
1.435777064	81.43704192716135
1.436273836	63.98605737928038
1.436770951	201.1266217253994
1.437268411	48.68231938539046
1.437766216	90.63021252602037
1.438264365	60.213695594730716
1.43876286	7.783926378713071
1.4392617	64.51293948561366
1.439760887	215.3211960283623
1.440260419	41.342703232999945
1.440760299	54.44764433388486
1.441260526	84.56056410306344
1.4417611	-39.115028380253506
1.442262022	46.834129781130244
1.442763292	295.97666055994915
1.443264911	-72.45060335982433
1.443766878	-39.15736850883028
1.444269195	31.10511948375675
1.444771862	157.00018364763073
1.445274879	93.14229243310878
1.445778246	334.51921258235745
1.446281963	155.44424545977176
1.446786032	22.324018868909135
1.447290453	290.2258046860057
1.447795225	-182.39266092750944
1.448300349	44.2015089621476
1.448805826	251.78056271814168
1.449311656	-82.27071057994836
1.44981784	355.84095425033667
1.450324377	-45.65058080596773
1.450831268	3.1371514673573615
1.451338514	-6.299494850765834
1.451846114	-141.80917584558648
1.452354069	284.25583708855714
1.452862381	-57.4154367906854
1.453371048	191.69609498280397
1.453880071	592.2350187216277
1.454389451	-14.488715198548888
1.454899188	-67.59430601070775
1.455409283	547.9724322700521
1.455919735	-354.7602933008784
1.456430546	310.56088670907616
1.456941715	304.54957640536554
1.457453243	-179.78422512403134
1.45796513	237.3920151675563
1.458477377	361.57108195874355
1.458989984	351.57998987928755
1.459502952	-8.577484101492532
1.46001628	380.23319005012746
1.46052997	-59.03194769666614
1.461044021	
1.461558434	465.46613499247934
1.46207321	
1.462588348	1645.8495002891773
1.46310385	-865.3317756423482
1.463619715	-225.09690137937037
1.464135943	-551.3105599922957
1.464652537	-1006.7417648919636
1.465169494	282.0565093524789
1.465686817	474.8395913795733
1.466204506	629.5709424126933
1.46672256	-399.2156945279359
1.46724098	
1.467759767	-59.955885596323895
1.468278921	
1.468798442	711.2582793964898
1.469318331	
1.469838589	1241.736763201764
1.470359215	-539.1733467306941
1.470880209	-36082.203463967424
1.471401573	602.1661445510931
1.471923307	
1.472445411	-734.4473877206907
1.472967886	962.4313421054464
1.473490731	-1644.138903494888
1.474013948	-358.652520664969
1.474537536	1269.212472565704
1.475061497	-287.47212971043234
1.47558583	
1.476110536	332.06383516985994
1.476635615	
1.477161068	585.2109690011133
1.477686895	
1.478213097	-427.9086598341077
1.478739673	-518.5016866251701
1.479266625	1791.4263512709117
1.479793952	1190.4365320017475
1.480321656	-643.8366607734628
1.480849736	1153.4674622307068
1.481378193	-457.9834253071391
1.481907027	-32.38488698034861
1.482436239	230.0642797483082
1.482965829	-4855.450093246635
1.483495797	393.76239105120806
1.484026145	-6960.23004124365
1.484556871	1299.6537561449795
1.485087978	3878.4525669520053
1.485619465	-429.8684056981857
1.486151332	1624.4596245206992
1.48668358	364.62231226865094
1.48721621	977.6494734415352
1.487749221	228.0930551665116
1.488282615	-990.1035363839
1.488816391	-1167.8933621625044
1.48935055	
1.489885093	-2060.2090054609853
1.490420019	5.73042472657863
1.49095533	48891.69171075908
1.491491025	3057.586166452991
1.492027106	3538.077700594056
1.492563572	651.0783305272384
1.493100423	-3203.5215673289845
1.493637662	-2815.267771923109
1.494175287	581.8517324543731
1.494713299	61.82033670104299
1.495251699	423.8152076698284
1.495790486	
1.496329662	312.40522382356306
1.496869227	
1.497409182	
1.497949526	
1.49849026	
1.499031384	
1.4995729	
1.500114807	-314.49012734194116
1.500657106	
1.501199796	-304.46953255329055
1.50174288	1150.1192184042552
1.502286357	1088.256221252997
1.502830227	449.09461096339874
1.503374491	
1.50391915	682.8228740674961
1.504464203	
1.505009651	-263.8470816859336
1.505555496	
1.506101736	
1.506648373	
1.507195406	
1.507742838	838.3157255768665
1.508290666	
1.508838894	93.79971766560215
1.509387519	
1.509936544	1147.27194568331
1.510485969	608.9848956112828
1.511035793	
1.511586018	573.1243755166659
1.512136644	
1.512687671	-240.35094615204386
1.5132391	
1.513790931	
1.514343164	
1.514895801	
1.515448841	-116.84869593538241
1.516002285	
1.516556134	1246.1432887328272
1.517110387	
1.517665046	1950.8573755834043
1.51822011	
1.518775581	-6078.698041218291
1.519331458	33.07952679044451
1.519887742	
1.520444433	198.53442817235089
1.521001533	
1.521559041	2670.153901916187
1.522116958	
1.522675284	
1.52323402	
1.523793166	-771.6212047178977
1.524352723	
1.52491269	
1.52547307	
1.526033861	1671.8638344286585
1.526595065	
1.527156682	
1.527718712	-10600.704474392696
1.528281156	
1.528844014	-3903.7961079088955
1.529407287	
1.529970976	3049.216709709263
1.530535079	-4285.670694841935
1.531099599	1274.0844461765873
1.531664536	
1.53222989	
1.532795661	-199.75236470013098
1.53336185	
1.533928458	-687.4949030967232
1.534495484	
1.53506293	
1.535630796	
1.536199082	
1.536767788	-173.95521007740467
1.537336916	
1.537906466	-1251.7822359616057
1.538476438	
1.539046832	1471.6291660736365
1.53961765	-980.4266830956986
1.540188891	
1.540760556	-260.3958497222247
1.541332646	
1.541905161	85.23613383098981
1.542478101	
1.543051467	-600.78241444155
1.54362526	
1.544199479	
1.544774126	
1.545349201	
1.545924704	-3435.801247834092
1.546500635	
1.547076997	-2287.1421922489626
1.547653787	-2231.2010346272828
1.548231009	
